2.305681 10573 5.138107
2.925093 12228 6.116693
1.912226 11572 5.658144
2.274252 14088 7.469935
2.262582 12785 6.196862
2.827889 32153 16.164946
1.209116 10895 5.525294
4.195757 11218 5.662691
0.900194 10486 5.031985
3.763036 21294 10.594081
2.316629 12477 6.047164
2.671879 11765 5.783673
2.335722 15581 7.750655
2.315207 13734 6.775144
3.955420 11845 6.180751
4.161868 12828 6.146387
4.155826 16211 8.050309
3.024375 10823 5.887409
2.335165 11178 5.362057
2.357018 21222 10.854148
3.584912 11138 5.462434
5.420025 11425 5.818061
0.893241 10988 5.565810
4.157039 13123 6.685103
2.844081 11065 5.684340
1.178664 12043 5.882906
0.892669 16658 8.251387
2.313718 10838 5.216549
2.582726 10425 5.024615
2.316147 10674 5.148423
2.315028 10671 5.127588
4.154936 28848 14.619463
2.811113 22536 11.318608
4.147464 12261 6.005216
2.382934 10533 5.307646
1.903984 10607 5.122797
2.317256 23621 11.786957
3.860044 11354 6.214523
2.741385 17911 8.902886
2.318496 12447 5.992328
2.850196 21681 10.698616
4.138419 11930 6.306916
2.319744 11473 5.818535
3.448867 15195 7.700863
2.320501 13095 6.397148
3.471554 17294 9.309580
2.315981 14498 6.999521
2.913538 42452 21.361947
2.317463 13398 6.532511
2.267197 11146 5.538252
