-0.089864 0.712739 148
-0.089771 0.712645 143
0.089765 -0.712670 145
-0.089837 0.712569 149
-0.089691 0.712663 132
0.089836 -0.712622 146
-0.089770 0.712749 133
-0.089799 0.712620 133
0.089937 -0.712656 202
-0.089812 0.712561 137
-0.089917 0.712708 131
-0.089765 0.712717 145
0.089752 -0.712603 146
0.089808 -0.712591 134
0.089939 -0.712646 141
0.089973 -0.712683 156
-0.089712 0.712683 145
-0.089944 0.712694 139
-0.089916 0.712653 143
0.089793 -0.712601 134
-0.089815 0.712722 139
0.089805 -0.712617 146
0.089808 -0.712719 142
0.089807 -0.712707 148
-0.089730 0.712667 129
-0.089906 0.712692 138
-0.089891 0.712659 134
0.089935 -0.712619 143
0.089879 -0.712678 134
0.089776 -0.712599 139
-0.089828 0.712655 135
0.089831 -0.712729 139
-0.089807 0.712646 146
0.089772 -0.712725 140
0.089881 -0.712690 143
-0.089954 0.712684 168
-0.089959 0.712730 136
0.089892 -0.712695 125
0.089807 -0.712655 137
0.089880 -0.712664 140
-0.089946 0.712666 134
0.089804 -0.712684 149
-0.089783 0.712678 131
0.089862 -0.712720 141
-0.089954 0.712728 152
-0.089906 0.712735 137
-0.089959 0.712667 133
-0.089907 0.712591 133
0.089887 -0.712634 127
0.089764 -0.712637 138
0.089805 -0.712570 137
-0.089927 0.712695 120
-0.089864 0.712647 135
0.089746 -0.712580 130
0.089928 -0.712692 150
0.089960 -0.712714 141
0.089879 -0.712746 136
-0.089948 0.712620 142
0.089763 -0.712589 133
0.089888 -0.712716 140
0.089710 -0.712701 134
-0.089843 0.712593 140
-0.089833 0.712632 137
0.089706 -0.712684 143
0.089731 -0.712695 133
-0.089711 0.712635 128
0.089876 -0.712577 142
0.089824 -0.712720 149
0.089717 -0.712589 138
0.089776 -0.712553 136
0.089942 -0.712595 127
0.089910 -0.712716 155
-0.089719 0.712629 147
0.089719 -0.712680 139
0.089872 -0.712623 146
0.089749 -0.712594 150
0.089880 -0.712603 159
-0.089774 0.712634 145
-0.089890 0.712577 138
0.089901 -0.712582 135
-0.089731 0.712722 132
0.089778 -0.712708 133
0.089867 -0.712655 138
0.089764 -0.712735 135
-0.089906 0.712601 139
-0.089993 0.712676 134
0.089727 -0.712697 137
-0.089988 0.712676 127
0.089772 -0.712620 136
0.089801 -0.712706 143
0.089848 -0.712585 143
-0.089873 0.712628 128
0.089764 -0.712563 139
0.089890 -0.712740 172
0.089938 -0.712737 142
0.089844 -0.712666 135
-0.089914 0.712564 154
-0.089926 0.712574 137
0.089958 -0.712713 141
0.089822 -0.712568 156
0.089973 -0.712647 130
0.089866 -0.712722 140
0.089742 -0.712603 142
-0.089799 0.712741 155
0.089789 -0.712648 141
-0.089794 0.712608 133
0.089918 -0.712729 130
-0.089914 0.712630 164
-0.089999 0.712678 137
0.089788 -0.712698 123
0.089872 -0.712611 139
-0.089757 0.712626 150
-0.089956 0.712633 133
0.089834 -0.712581 130
0.089915 -0.712570 141
0.089732 -0.712700 137
-0.089869 0.712618 131
0.089777 -0.712567 133
-0.089950 0.712689 128
-0.089845 0.712567 127
-0.089783 0.712672 149
-0.089840 0.712695 151
-0.089784 0.712667 141
0.089939 -0.712650 157
0.089902 -0.712599 130
0.089783 -0.712695 138
-0.089771 0.712681 133
-0.089777 0.712660 137
0.089890 -0.712597 120
-0.089942 0.712664 130
0.089929 -0.712660 141
-0.089782 0.712734 139
-0.089955 0.712685 125
0.089741 -0.712627 138
0.089842 -0.712708 145
0.089962 -0.712713 127
0.089911 -0.712755 133
0.089978 -0.712632 139
0.089866 -0.712570 130
-0.089761 0.712591 142
0.089760 -0.712690 141
-0.089938 0.712702 282
0.089769 -0.712626 150
0.089819 -0.712653 143
0.089734 -0.712626 125
-0.089431 0.713011 219
0.089744 -0.712558 139
-0.089777 0.712627 137
0.089864 -0.712711 141
-0.089882 0.712641 150
0.089971 -0.712668 143
-0.089892 0.712710 143
0.089943 -0.712645 160
0.089786 -0.712673 131
0.089839 -0.712747 142
-0.089900 0.712593 134
-0.089769 0.712671 148
0.089823 -0.712637 159
-0.089975 0.712716 132
0.089968 -0.712688 142
-0.089860 0.712694 135
-0.089748 0.712617 147
-0.089903 0.712708 130
0.089709 -0.712662 148
0.089764 -0.712578 138
-0.089932 0.712750 132
-0.089958 0.712698 129
-0.089763 0.712561 156
0.089893 -0.712574 133
0.089736 -0.712696 151
0.089858 -0.712579 165
-0.089990 0.712699 134
0.089868 -0.712578 171
0.089707 -0.712638 127
-0.089913 0.712673 161
0.089816 -0.712709 130
-0.089885 0.712689 140
0.089853 -0.712706 127
-0.089859 0.712555 150
0.089923 -0.712583 137
-0.089888 0.712706 142
0.089826 -0.712586 140
0.089831 -0.712631 147
0.089951 -0.712731 150
-0.089822 0.712612 152
-0.089801 0.712750 145
0.089728 -0.712642 142
-0.089913 0.712702 140
0.089833 -0.712615 125
-0.089774 0.712686 142
0.089840 -0.712614 140
-0.089741 0.712615 151
0.089924 -0.712637 135
-0.089962 0.712727 146
0.089836 -0.712620 130
0.089705 -0.712632 131
-0.089715 0.712705 136
-0.089955 0.712697 134
0.089978 -0.712701 129
0.089881 -0.712681 126
-0.089753 0.712696 136
-0.089976 0.712685 145
-0.089827 0.712709 140
-0.089735 0.712726 134
-0.089969 0.712630 144
0.089823 -0.712737 139
-0.089853 0.712709 127
0.089870 -0.712642 145
0.089910 -0.712655 141
-0.089933 0.712621 150
0.089700 -0.712670 134
0.089817 -0.712653 162
-0.089855 0.712680 133
-0.089784 0.712737 137
-0.089829 0.712738 131
0.089815 -0.712610 136
0.089903 -0.712727 137
0.089828 -0.712601 143
-0.089835 0.712694 152
0.089880 -0.712644 136
-0.089785 0.712557 137
0.089842 -0.712617 151
-0.089857 0.712605 137
-0.089749 0.712663 130
-0.089780 0.712627 187
0.089811 -0.712641 131
0.089881 -0.712585 141
0.089944 -0.712724 129
0.089879 -0.712618 163
-0.089806 0.712584 135
-0.089940 0.712591 159
-0.089862 0.712645 132
-0.089909 0.712699 137
-0.089918 0.712753 137
-0.089864 0.712549 135
-0.089770 0.712726 174
0.089781 -0.712622 140
0.089754 -0.712677 133
0.089969 -0.712720 138
0.089801 -0.712685 137
0.089806 -0.712631 153
-0.089937 0.712672 145
0.089984 -0.712623 160
-0.089836 0.712662 137
0.089861 -0.712579 302
-0.089871 0.712735 143
0.089985 -0.712645 140
-0.089698 0.712670 146
-0.089869 0.712709 139
0.089751 -0.712672 128
-0.089813 0.712703 129
0.089926 -0.712617 136
0.089796 -0.712581 144
-0.089968 0.712635 125
-0.089830 0.712642 139
0.089757 -0.712741 140
-0.089745 0.712729 134
0.089890 -0.712675 127
-0.089769 0.712666 205
0.089730 -0.712693 130
-0.089900 0.712622 139
0.089703 -0.712658 151
0.089926 -0.712593 251
0.089940 -0.712698 161
0.089934 -0.712648 140
-0.089766 0.712639 142
-0.089848 0.712597 144
-0.089764 0.712705 139
-0.089968 0.712722 149
-0.089940 0.712626 147
0.089889 -0.712703 138
0.089763 -0.712644 137
-0.089864 0.712628 131
0.089829 -0.712757 140
0.089910 -0.712604 145
-0.089892 0.712703 137
0.089813 -0.712732 139
0.089851 -0.712746 143
0.089887 -0.712695 126
-0.089963 0.712652 144
-0.089850 0.712632 140
-0.089788 0.712632 144
0.089863 -0.712661 147
0.089964 -0.712603 135
0.089900 -0.712649 135
0.089859 -0.712654 133
0.089875 -0.712698 139
0.089894 -0.712670 136
0.089837 -0.712572 138
-0.089795 0.712660 142
-0.089816 0.712597 144
-0.089841 0.712725 134
0.089919 -0.712670 139
0.089719 -0.712648 129
0.089883 -0.712730 144
0.089880 -0.712578 158
-0.089776 0.712558 134
-0.089942 0.712644 139
-0.089865 0.712559 138
-0.089758 0.712611 134
-0.089801 0.712740 144
-0.089872 0.712663 132
0.089944 -0.712708 147
-0.089817 0.712584 141
-0.089986 0.712698 127
0.089850 -0.712593 126
-0.089820 0.712686 139
-0.089859 0.712662 147
0.089697 -0.712619 124
-0.089967 0.712644 142
0.089944 -0.712595 139
-0.089870 0.712607 147
0.089750 -0.712726 129
-0.089963 0.712624 137
0.089834 -0.712570 129
0.089785 -0.712688 134
-0.089820 0.712602 140
0.089913 -0.712568 141
-0.089794 0.712592 138
0.089793 -0.712701 138
-0.089938 0.712657 137
0.089896 -0.712606 143
0.089879 -0.712729 137
-0.089988 0.712692 140
-0.089965 0.712710 137
0.089810 -0.712585 129
-0.089899 0.712585 191
-0.089941 0.712658 133
-0.089932 0.712673 141
-0.089784 0.712641 137
-0.089924 0.712673 148
0.089853 -0.712652 135
-0.089908 0.712670 138
-0.089954 0.712734 131
0.089838 -0.712561 143
0.089943 -0.712643 130
-0.089842 0.712574 147
-0.089932 0.712677 135
-0.089791 0.712684 137
-0.089774 0.712577 156
-0.089977 0.712611 139
0.089872 -0.712632 141
0.089865 -0.712581 136
-0.089833 0.712713 129
0.089962 -0.712695 134
-0.089902 0.712668 138
0.089887 -0.712705 162
0.089884 -0.712748 142
-0.089797 0.712715 137
0.089770 -0.712673 145
-0.089840 0.712695 140
-0.089809 0.712704 142
0.089834 -0.712619 137
0.089784 -0.712654 158
0.089893 -0.712732 145
-0.089823 0.712668 145
-0.089916 0.712660 140
0.089962 -0.712642 151
-0.089989 0.712652 150
0.089817 -0.712629 136
0.089882 -0.712591 142
-0.089957 0.712596 153
-0.089906 0.712736 146
-0.089704 0.712624 122
0.089841 -0.712582 134
-0.089839 0.712656 145
0.089843 -0.712590 137
0.089929 -0.712653 128
-0.089846 0.712581 138
-0.089824 0.712566 138
-0.089819 0.712720 129
0.089846 -0.712654 132
0.089830 -0.712701 126
-0.089771 0.712665 137
-0.089760 0.712624 128
-0.089892 0.712586 133
0.089853 -0.712641 140
-0.089907 0.712570 134
0.089892 -0.712599 129
-0.089827 0.712690 133
-0.089885 0.712743 136
-0.089808 0.712691 139
-0.089749 0.712653 135
0.089938 -0.712663 131
0.089984 -0.712694 146
0.089825 -0.712683 141
-0.089682 0.712657 142
-0.089807 0.712654 124
-0.089786 0.712685 145
0.089921 -0.712693 142
-0.089754 0.712689 144
0.089908 -0.712568 135
0.089769 -0.712593 145
-0.089709 0.712613 123
0.089835 -0.712705 144
-0.089876 0.712697 174
0.089777 -0.712573 134
0.089814 -0.712748 205
-0.089916 0.712611 131
0.089838 -0.712756 145
0.089849 -0.712731 146
0.089809 -0.712683 145
-0.089745 0.712631 144
-0.089822 0.712591 140
-0.089801 0.712589 139
-0.089888 0.712717 146
0.089885 -0.712577 136
-0.089879 0.712587 143
0.089858 -0.712678 146
0.089768 -0.712595 131
-0.089853 0.712685 140
-0.089713 0.712613 140
0.089790 -0.712641 133
0.089893 -0.712621 123
-0.089921 0.712597 143
-0.089718 0.712643 132
-0.089851 0.712618 137
0.089919 -0.712639 138
0.089902 -0.712651 132
-0.089909 0.712707 130
-0.089932 0.712701 149
-0.089879 0.712603 134
-0.089948 0.712680 131
0.089710 -0.712615 141
0.089883 -0.712593 135
0.089759 -0.712663 140
-0.089725 0.712583 132
0.089842 -0.712563 132
-0.089815 0.712668 133
-0.089802 0.712570 173
0.089900 -0.712609 155
-0.089826 0.712661 195
0.089836 -0.712686 134
0.089813 -0.712658 138
-0.089825 0.712740 141
-0.089891 0.712603 150
0.089824 -0.712618 138
-0.089928 0.712619 138
0.089868 -0.712630 138
0.089761 -0.712598 143
-0.089735 0.712689 143
-0.089783 0.712627 143
0.089780 -0.712602 146
-0.089802 0.712553 129
-0.089894 0.712745 149
0.089821 -0.712682 134
0.089756 -0.712698 157
0.089840 -0.712547 135
0.089944 -0.712705 147
0.089931 -0.712686 138
0.089849 -0.712746 139
-0.089938 0.712675 135
-0.089898 0.712666 145
-0.089745 0.712632 143
-0.089942 0.712614 139
-0.089895 0.712668 137
0.089752 -0.712659 147
0.089758 -0.712618 136
-0.089815 0.712627 136
0.089855 -0.712570 144
0.089926 -0.712650 149
0.089750 -0.712626 133
-0.089817 0.712644 142
-0.089902 0.712720 122
0.089927 -0.712721 137
0.089891 -0.712587 148
0.089710 -0.712584 148
-0.089897 0.712671 143
0.089777 -0.712636 144
0.089717 -0.712620 129
-0.089925 0.712605 136
-0.089923 0.712725 141
0.089800 -0.712578 142
0.089900 -0.712580 130
0.089993 -0.712660 134
0.089816 -0.712756 137
-0.089979 0.712637 132
0.089847 -0.712638 143
-0.089751 0.712609 142
0.089958 -0.712689 137
0.089895 -0.712668 136
0.089700 -0.712657 124
-0.089725 0.712658 135
0.089863 -0.712585 139
-0.089929 0.712750 146
0.089873 -0.712689 127
0.089890 -0.712725 134
0.089707 -0.712644 148
0.089823 -0.712562 144
-0.089970 0.712721 138
0.089803 -0.712609 141
-0.089897 0.712703 131
-0.089952 0.712666 138
-0.089789 0.712614 136
0.089803 -0.712690 139
-0.089951 0.712620 124
0.089685 -0.712659 133
-0.089937 0.712679 143
-0.089965 0.712632 139
-0.089932 0.712647 141
0.089798 -0.712576 139
0.089984 -0.712686 211
0.089953 -0.712651 145
-0.089691 0.712657 134
0.089925 -0.712608 135
-0.089803 0.712717 141
0.089773 -0.712651 151
0.089990 -0.712659 131
-0.089969 0.712703 136
-0.089951 0.712685 136
-0.089845 0.712693 145
-0.089866 0.712617 134
0.089926 -0.712673 154
0.089976 -0.712703 144
0.089761 -0.712655 150
-0.089785 0.712690 139
-0.089834 0.712621 127
0.089862 -0.712647 140
-0.089918 0.712706 135
0.089694 -0.712646 315
0.089780 -0.712705 140
0.089908 -0.712721 159
-0.089755 0.712733 137
-0.089784 0.712644 138
-0.089933 0.712726 164
-0.089795 0.712596 150
0.089959 -0.712664 153
0.089877 -0.712603 130
0.089964 -0.712610 142
0.089961 -0.712609 139
-0.089940 0.712625 138
-0.089929 0.712702 131
-0.089873 0.712598 139
0.089942 -0.712658 136
-0.089791 0.712606 142
0.089749 -0.712606 162
0.089849 -0.712605 144
0.089720 -0.712657 137
0.089722 -0.712667 136
-0.089851 0.712683 133
-0.089795 0.712659 126
0.089853 -0.712549 143
-0.089820 0.712620 149
-0.089977 0.712694 139
-0.089814 0.712659 132
-0.089867 0.712607 146
-0.089775 0.712707 140
-0.089882 0.712733 135
-0.089845 0.712676 148
-0.089799 0.712669 132
0.089865 -0.712725 150
-0.089784 0.712699 137
0.089849 -0.712608 137
0.089950 -0.712631 145
0.089803 -0.712666 143
-0.089996 0.712639 132
-0.089867 0.712592 138
-0.089775 0.712696 125
0.089853 -0.712572 128
-0.089799 0.712756 139
-0.089894 0.712603 161
0.089811 -0.712653 139
0.089799 -0.712582 147
-0.089924 0.712698 143
-0.089956 0.712683 131
0.089937 -0.712606 138
0.089872 -0.712746 135
0.089855 -0.712664 133
0.089828 -0.712694 135
-0.089785 0.712684 143
-0.089846 0.712691 150
-0.089727 0.712654 142
0.089798 -0.712591 148
0.089937 -0.712605 142
-0.089919 0.712617 143
-0.089954 0.712728 133
-0.089950 0.712672 136
0.089813 -0.712712 179
0.089950 -0.712653 137
-0.089830 0.712746 132
0.089926 -0.712639 137
0.089967 -0.712645 135
-0.089873 0.712579 142
-0.089739 0.712623 136
0.089756 -0.712674 131
0.089909 -0.712759 236
0.089749 -0.712607 147
0.089972 -0.712667 136
0.089746 -0.712690 135
-0.089932 0.712647 147
0.089699 -0.712645 139
-0.089925 0.712711 141
0.089933 -0.712693 125
0.089797 -0.712693 133
-0.089807 0.712604 147
-0.089792 0.712640 158
-0.089997 0.712697 145
0.089906 -0.712664 141
-0.089885 0.712586 136
0.089974 -0.712674 140
-0.089896 0.712611 125
-0.089869 0.712636 163
0.089853 -0.712582 140
0.089933 -0.712595 142
-0.089895 0.712673 146
0.089968 -0.712630 134
-0.089825 0.712760 139
-0.089872 0.712582 138
0.089742 -0.712611 123
0.089813 -0.712656 143
-0.089863 0.712707 137
0.089956 -0.712698 146
0.089736 -0.712635 139
-0.089799 0.712593 125
0.089787 -0.712721 145
-0.089779 0.712605 151
0.089944 -0.712641 138
0.089817 -0.712665 142
-0.089836 0.712730 131
0.089818 -0.712727 155
0.089936 -0.712581 139
0.089771 -0.712609 128
-0.089910 0.712755 139
-0.089979 0.712688 132
-0.089909 0.712625 130
0.089806 -0.712649 142
0.089829 -0.712601 131
-0.089768 0.712670 135
-0.089818 0.712653 136
-0.089845 0.712614 146
-0.089823 0.712745 140
0.089719 -0.712632 148
-0.089865 0.712721 136
0.089902 -0.712747 144
0.089906 -0.712576 145
-0.089898 0.712627 148
-0.089808 0.712743 138
0.089972 -0.712647 138
0.089834 -0.712614 135
0.089728 -0.712666 139
-0.089785 0.712707 148
0.089935 -0.712749 134
-0.089962 0.712625 153
0.089847 -0.712674 142
0.089946 -0.712700 142
-0.089873 0.712717 141
-0.089888 0.712649 147
0.089814 -0.712598 131
0.089683 -0.712660 140
-0.089793 0.712631 139
-0.089906 0.712636 149
-0.089816 0.712736 133
-0.089887 0.712665 139
0.089906 -0.712654 136
0.089965 -0.712620 151
0.089747 -0.712665 139
-0.089767 0.712690 154
-0.089830 0.712654 157
-0.089815 0.712692 141
0.089963 -0.712691 132
0.089897 -0.712623 159
0.089917 -0.712592 138
0.089733 -0.712703 148
0.089828 -0.712609 138
-0.089851 0.712640 138
0.089879 -0.712665 139
0.089707 -0.712705 144
-0.089831 0.712741 144
0.089722 -0.712572 126
-0.089951 0.712707 140
-0.089845 0.712597 121
0.089921 -0.712579 140
0.089961 -0.712651 139
-0.089902 0.712681 135
0.089749 -0.712586 137
-0.089860 0.712735 130
-0.089782 0.712586 142
0.089851 -0.712570 136
0.089942 -0.712592 132
-0.089927 0.712712 137
-0.089865 0.712724 127
0.089971 -0.712659 136
-0.089835 0.712751 148
-0.089752 0.712605 147
0.089931 -0.712735 138
-0.089781 0.712666 138
0.089790 -0.712701 138
-0.089782 0.712669 135
0.089935 -0.712730 148
0.089827 -0.712754 144
-0.089802 0.712681 149
-0.089853 0.712714 134
-0.089924 0.712642 128
0.089788 -0.712624 129
0.089888 -0.712683 139
0.089971 -0.712703 133
0.089846 -0.712753 141
0.089871 -0.712691 140
0.089912 -0.712651 136
0.089869 -0.712658 155
-0.089948 0.712620 149
0.089816 -0.712631 143
-0.089790 0.712604 146
0.089799 -0.712665 150
-0.089814 0.712583 147
-0.089928 0.712645 138
-0.089890 0.712557 138
0.089852 -0.712627 134
0.089752 -0.712630 134
-0.089791 0.712742 132
0.089876 -0.712593 152
-0.089746 0.712562 142
-0.089903 0.712719 141
-0.089927 0.712632 148
-0.089828 0.712620 150
0.089904 -0.712620 128
0.089844 -0.712752 153
0.089900 -0.712591 131
-0.089940 0.712626 136
0.089731 -0.712722 130
-0.089936 0.712700 145
0.089742 -0.712687 141
0.089798 -0.712733 136
-0.089722 0.712655 129
0.089986 -0.712621 145
0.089902 -0.712677 135
-0.089845 0.712639 136
0.089840 -0.712756 132
-0.089916 0.712670 134
0.089727 -0.712617 140
-0.089896 0.712706 148
0.089788 -0.712577 130
-0.089763 0.712726 163
0.089817 -0.712559 135
0.089819 -0.712580 138
-0.089839 0.712569 128
0.089804 -0.712594 146
0.089850 -0.712656 136
-0.089876 0.712616 133
-0.089890 0.712623 138
-0.089827 0.712554 129
0.089818 -0.712640 139
0.089721 -0.712679 140
-0.089838 0.712659 141
0.089843 -0.712725 151
-0.089954 0.712705 131
-0.089818 0.712704 140
-0.089761 0.712597 132
-0.089816 0.712551 118
0.089759 -0.712734 136
0.089837 -0.712641 137
0.089830 -0.712667 135
0.089793 -0.712576 150
-0.089783 0.712640 138
-0.089852 0.712671 138
-0.089788 0.712658 136
0.089713 -0.712650 126
-0.089737 0.712699 128
0.089962 -0.712617 140
-0.089843 0.712692 130
0.089720 -0.712700 144
-0.089848 0.712652 126
-0.089938 0.712699 163
-0.089896 0.712595 148
-0.089925 0.712675 140
-0.089921 0.712612 132
-0.089820 0.712709 151
0.089935 -0.712585 136
-0.089953 0.712625 148
0.089883 -0.712715 137
0.089784 -0.712735 132
-0.089885 0.712677 133
-0.089857 0.712612 149
-0.089951 0.712668 143
0.089956 -0.712634 130
0.089862 -0.712729 148
0.089793 -0.712604 149
0.089849 -0.712726 127
-0.089770 0.712561 142
-0.089936 0.712726 159
-0.089844 0.712709 138
0.089817 -0.712641 188
-0.089741 0.712612 134
0.089728 -0.712675 150
-0.089837 0.712595 135
0.089943 -0.712665 202
0.089746 -0.712611 135
0.089712 -0.712636 138
0.089952 -0.712696 139
-0.089818 0.712648 136
-0.089820 0.712560 138
0.089884 -0.712733 141
-0.089816 0.712547 135
-0.089826 0.712673 154
-0.089890 0.712736 140
0.089916 -0.712698 125
-0.089840 0.712573 145
-0.089800 0.712600 144
-0.089745 0.712609 155
-0.089782 0.712648 254
0.089827 -0.712755 135
0.089868 -0.712616 137
-0.089903 0.712653 131
-0.089915 0.712666 148
0.089873 -0.712718 135
-0.089876 0.712725 140
-0.089857 0.712607 139
0.089884 -0.712747 139
0.089742 -0.712640 135
0.089869 -0.712680 133
0.089822 -0.712719 138
0.089930 -0.712652 128
-0.089935 0.712707 151
-0.089684 0.712647 148
-0.089942 0.712682 119
0.089769 -0.712576 134
0.089931 -0.712705 140
0.089772 -0.712618 138
-0.089792 0.712643 133
0.089778 -0.712709 132
-0.089825 0.712598 134
-0.089785 0.712612 147
-0.089984 0.712615 134
-0.089801 0.712739 147
-0.089967 0.712672 130
-0.089784 0.712684 129
-0.089762 0.712666 133
-0.089836 0.712734 134
-0.089975 0.712697 126
-0.089772 0.712729 132
0.089980 -0.712641 159
0.089866 -0.712598 141
-0.089825 0.712563 144
-0.089825 0.712612 137
0.089790 -0.712657 147
0.089776 -0.712586 136
0.089821 -0.712642 128
0.089768 -0.712704 144
-0.089944 0.712645 140
0.089967 -0.712722 152
0.089814 -0.712643 144
-0.089760 0.712617 135
-0.089796 0.712668 137
0.089709 -0.712596 135
0.089851 -0.712628 134
-0.089735 0.712615 130
0.089927 -0.712613 138
0.089944 -0.712689 136
0.089699 -0.712681 140
-0.089917 0.712604 142
-0.089821 0.712589 152
-0.089784 0.712668 131
0.089731 -0.712602 147
-0.089849 0.712740 138
0.089813 -0.712730 142
0.089917 -0.712578 138
-0.089873 0.712639 127
0.089921 -0.712717 141
0.089734 -0.712669 136
0.089849 -0.712635 140
0.089843 -0.712660 141
-0.089907 0.712615 141
-0.089920 0.712623 132
0.089878 -0.712708 125
-0.089778 0.712703 140
0.089821 -0.712644 126
-0.089701 0.712598 135
0.089950 -0.712636 139
-0.089797 0.712613 139
-0.089931 0.712648 155
0.089831 -0.712639 134
0.089764 -0.712683 125
0.089841 -0.712588 133
0.089782 -0.712610 123
-0.089893 0.712749 148
-0.089934 0.712617 145
-0.089748 0.712699 138
-0.089796 0.712609 130
0.089756 -0.712686 185
-0.089808 0.712592 137
-0.089684 0.712630 242
-0.089805 0.712688 133
-0.089909 0.712645 149
0.089789 -0.712680 166
-0.089922 0.712625 153
0.089977 -0.712682 138
0.089949 -0.712637 131
-0.089828 0.712630 137
-0.089811 0.712629 152
0.089974 -0.712703 129
0.089893 -0.712714 144
-0.089897 0.712581 126
0.089916 -0.712617 151
-0.089861 0.712625 141
-0.089790 0.712636 138
-0.089764 0.712640 142
0.089777 -0.712588 132
-0.089999 0.712659 141
0.089738 -0.712620 154
-0.089863 0.712579 117
-0.089893 0.712608 131
-0.089734 0.712584 133
0.089778 -0.712607 151
-0.089881 0.712584 147
-0.089847 0.712721 115
0.089961 -0.712698 179
-0.089736 0.712606 139
-0.089969 0.712668 140
0.089742 -0.712683 144
-0.089875 0.712624 143
0.089929 -0.712597 139
-0.089933 0.712718 146
-0.089946 0.712643 141
0.089862 -0.712591 140
0.089997 -0.712627 131
-0.089878 0.712618 135
-0.089728 0.712644 145
-0.089967 0.712611 140
0.089895 -0.712743 135
-0.089712 0.712659 129
-0.089846 0.712571 131
0.089970 -0.712736 128
0.089744 -0.712690 137
0.089995 -0.712626 137
-0.089887 0.712666 138
0.089789 -0.712680 145
-0.089886 0.712590 128
-0.089799 0.712643 132
0.089763 -0.712605 146
-0.089846 0.712616 150
0.089879 -0.712645 132
-0.089746 0.712712 135
-0.089857 0.712698 136
-0.089917 0.712658 137
-0.089840 0.712581 157
0.089745 -0.712696 134
-0.089883 0.712607 143
-0.089861 0.712766 175
-0.089925 0.712624 148
-0.089917 0.712587 145
0.089814 -0.712736 141
-0.089819 0.712578 167
0.089759 -0.712609 142
0.089821 -0.712761 151
0.089886 -0.712676 156
-0.089764 0.712655 156
0.089946 -0.712629 124
0.089968 -0.712647 157
-0.089889 0.712710 174
-0.089743 0.712687 170
-0.089787 0.712670 144
-0.089844 0.712727 139
-0.089935 0.712661 135
0.089766 -0.712737 172
-0.089834 0.712642 150
-0.089735 0.712644 147
-0.089951 0.712605 139
-0.089839 0.712650 170
-0.089861 0.712658 144
-0.089822 0.712608 129
0.089834 -0.712686 138
0.089833 -0.712663 135
0.089838 -0.712741 136
-0.089891 0.712570 137
-0.089964 0.712736 138
0.089949 -0.712679 149
-0.089730 0.712613 145
-0.089807 0.712588 134
-0.089723 0.712672 146
-0.089804 0.712635 151
-0.089884 0.712637 131
0.089813 -0.712704 154
0.089778 -0.712673 141
-0.089827 0.712640 151
-0.089767 0.712595 136
0.089878 -0.712559 130
0.089849 -0.712667 137
-0.089781 0.712662 125
0.089981 -0.712636 129
-0.089880 0.712639 145
-0.089786 0.712641 142
-0.089749 0.712595 141
0.089805 -0.712673 135
0.089747 -0.712619 125
0.089810 -0.712750 135
-0.089795 0.712734 138
-0.089839 0.712633 147
-0.089929 0.712703 141
-0.089794 0.712659 143
0.089948 -0.712578 141
-0.089835 0.712623 134
-0.089783 0.712736 153
0.089831 -0.712667 151
-0.089880 0.712722 140
0.089725 -0.712690 135
-0.089864 0.712743 143
-0.089834 0.712594 129
0.089854 -0.712591 151
-0.089732 0.712672 139
0.089921 -0.712684 156
