0.996859 0.993751 772
0.978004 0.956380 578
0.999841 0.999682 290
0.998754 0.997509 192
1.000000 1.000000 367
0.999782 0.999563 406
0.991210 0.982498 667
0.999928 0.999859 743
0.999978 0.999963 786
0.981379 0.963029 178
0.999858 0.999715 365
0.999799 0.999593 709
0.999999 0.999999 119
0.999946 0.999892 731
0.999887 0.999773 430
0.999969 0.999937 628
0.977954 0.968893 149
0.999899 0.999798 200
0.999946 0.999896 758
0.997238 0.994471 223
0.999972 0.999944 676
0.968424 0.937728 167
0.999948 0.999896 357
0.999984 0.999968 751
0.999993 0.999985 454
0.999992 0.999983 694
0.999867 0.999739 735
0.999992 0.999985 297
0.999956 0.999913 494
0.999814 0.999595 751
0.992303 0.985613 191
0.999931 0.999862 416
0.999990 0.999981 737
0.999980 0.999960 733
0.999921 0.999842 399
0.999986 0.999972 463
0.999998 0.999996 663
0.999712 0.999412 769
0.999992 0.999985 371
0.999978 0.999956 603
0.993223 0.986135 200
0.999995 0.999989 379
0.998040 0.996346 750
0.999768 0.999536 540
0.999056 0.998223 754
0.999973 0.999946 485
0.999923 0.999848 756
0.999928 0.999859 737
0.999964 0.999926 496
0.999991 0.999981 754
0.999307 0.998611 149
0.999662 0.999307 727
0.999637 0.999256 779
0.999885 0.999763 785
0.999442 0.998883 475
0.999993 0.999985 624
0.998810 0.997615 345
0.997739 0.996394 175
0.999990 0.999980 352
0.999953 0.999904 731
0.999981 0.999963 637
0.998222 0.996408 760
0.999999 0.999997 676
0.999947 0.999894 542
0.999982 0.999964 507
0.999981 0.999960 721
0.985512 0.971235 665
0.999254 0.998506 258
0.999999 0.999998 480
0.999980 0.999959 596
0.999404 0.998847 786
0.999997 0.999995 700
0.999950 0.999900 678
0.999965 0.999933 748
0.999427 0.998853 604
0.999897 0.999801 795
0.998046 0.996096 589
0.999692 0.999384 470
0.999990 0.999979 556
0.999985 0.999970 484
0.999999 0.999999 662
0.999848 0.999677 746
0.999960 0.999920 608
0.999793 0.999589 791
0.999993 0.999986 456
0.999942 0.999881 781
0.999972 0.999951 706
0.999867 0.999734 513
0.999907 0.999813 362
0.999979 0.999958 597
0.995496 0.990999 169
0.999199 0.998383 730
0.999625 0.999092 824
0.999965 0.999931 528
0.999985 0.999972 552
0.999867 0.999735 502
0.999967 0.999934 712
0.999950 0.999897 580
0.999957 0.999914 538
0.999879 0.999760 739
0.999951 0.999902 551
0.999861 0.999705 787
0.999885 0.999766 794
0.999759 0.999534 761
0.999868 0.999735 598
0.999795 0.999589 171
0.999947 0.999894 316
0.999979 0.999959 759
0.999981 0.999961 648
0.999014 0.998070 758
0.999954 0.999906 682
0.999934 0.999868 753
0.925345 0.855758 170
0.999888 0.999774 597
0.999993 0.999985 715
0.999936 0.999791 825
0.965102 0.931410 171
0.999938 0.999873 791
0.999983 0.999968 193
0.999555 0.999107 758
1.000000 0.999999 225
0.999963 0.999930 769
0.999833 0.999681 758
0.998071 0.996048 749
0.999991 0.999983 550
0.999985 0.999975 705
0.999983 0.999967 524
0.999928 0.999855 556
0.999684 0.999366 380
0.999927 0.999854 268
0.999992 0.999984 512
0.999946 0.999895 723
0.999973 0.999947 541
0.999830 0.999630 814
0.999939 0.999883 715
0.999166 0.998236 750
1.000000 0.999999 378
0.999979 0.999960 711
0.999754 0.999519 769
0.999949 0.999895 608
0.999646 0.999291 545
0.999883 0.999767 760
0.999839 0.999677 598
0.999063 0.998126 161
0.000000 0.000000 100
0.945726 0.894397 579
0.999659 0.999319 451
0.999740 0.999463 785
0.999996 0.999992 719
0.999949 0.999902 760
0.999846 0.999684 720
0.999927 0.999854 333
0.999989 0.999978 714
0.999993 0.999986 695
0.999971 0.999946 792
0.999974 0.999948 394
0.998871 0.997765 756
0.999951 0.999904 515
0.999989 0.999978 641
0.999962 0.999920 752
0.999987 0.999975 547
0.999998 0.999996 598
0.999746 0.999491 692
0.999937 0.999868 765
0.999800 0.999602 802
0.999985 0.999969 675
0.994385 0.986751 127
0.999985 0.999969 673
0.998974 0.997926 302
0.999976 0.999956 768
0.999809 0.999608 756
0.999832 0.999664 356
0.990032 0.980114 192
0.995539 0.991095 777
0.999647 0.999292 591
0.991918 0.988627 136
0.999976 0.999952 610
0.913908 0.834803 195
0.999952 0.999905 415
0.999074 0.998158 724
0.999997 0.999995 624
0.999126 0.998254 562
0.999437 0.998889 748
0.999667 0.999389 810
0.999853 0.999682 764
0.999965 0.999929 648
0.999988 0.999976 502
0.999941 0.999882 527
0.999548 0.999113 811
0.973697 0.948349 152
0.999984 0.999969 599
0.999896 0.999792 478
0.999899 0.999798 544
0.999995 0.999989 770
0.999762 0.999546 755
0.999819 0.999638 534
0.999998 0.999996 664
0.999857 0.999708 749
0.999721 0.999429 780
0.999992 0.999985 374
0.999948 0.999894 721
0.999795 0.999589 396
0.999970 0.999940 446
0.998494 0.996956 760
0.999769 0.999543 727
0.999942 0.999990 179
0.999934 0.999867 594
0.999964 0.999928 328
0.999997 0.999995 791
0.999994 0.999987 651
0.999687 0.999374 738
0.957433 0.917034 807
0.999996 0.999992 545
0.999977 0.999957 736
0.999958 0.999916 459
0.999745 0.999489 561
0.999969 0.999934 775
0.999536 0.999053 726
0.999771 0.999542 755
0.999979 0.999959 385
0.998173 0.996359 151
0.999900 0.999781 761
0.999969 0.999938 520
0.999802 0.999558 762
0.999648 0.999330 722
0.999891 0.999791 792
0.999857 0.999719 779
0.999391 0.998782 321
0.999794 0.999603 746
0.999116 0.998229 196
0.999937 0.999861 768
0.999786 0.999538 749
0.999981 0.999962 576
0.999606 0.999236 759
0.999355 0.998709 392
0.999552 0.999109 670
0.999978 0.999955 696
0.999977 0.999953 618
0.999698 0.999407 703
0.999971 0.999941 447
0.973400 0.947508 556
0.999994 0.999988 563
0.999944 0.999884 729
0.999828 0.999670 802
0.999991 0.999984 672
0.999739 0.999515 759
0.999790 0.999581 800
0.999996 0.999993 636
0.999960 0.999919 591
0.999998 0.999996 721
0.999956 0.999912 175
0.999878 0.999757 516
0.999881 0.999762 443
0.972093 0.944434 172
0.999972 0.999943 590
0.999943 0.999886 555
0.999851 0.999701 653
0.996890 0.993395 751
0.999241 0.998464 706
0.999907 0.999817 782
0.999827 0.999652 697
0.999885 0.999769 509
0.999988 0.999979 735
0.999959 0.999917 556
0.999945 0.999892 789
0.999870 0.999739 515
0.999970 0.999940 728
0.999964 0.999928 702
1.000000 1.000000 437
0.999779 0.999557 703
0.999690 0.999324 797
0.999982 0.999964 534
0.993203 0.986415 161
1.000000 1.000000 120
1.000000 0.999999 604
0.999976 0.999954 757
0.996992 0.993994 616
0.999988 0.999975 583
0.999978 0.999957 751
0.999785 0.999588 786
0.999932 0.999865 589
0.999839 0.999680 710
0.999887 0.999774 368
0.999978 0.999957 543
0.999987 0.999974 679
0.999985 0.999970 722
0.999997 0.999993 120
0.999981 0.999961 443
0.999808 0.999617 561
0.999582 0.999158 749
0.998940 0.997877 257
0.999999 0.999999 763
0.991235 0.982502 626
0.999150 0.998286 728
0.999955 0.999906 702
0.999991 0.999982 653
0.999102 0.998197 158
0.999836 0.999670 746
0.999782 0.999533 759
1.000000 0.999998 705
0.999983 0.999967 543
0.999833 0.999665 277
0.999909 0.999815 721
0.999801 0.999603 189
0.999894 0.999790 741
0.999948 0.999896 584
0.997600 0.995221 149
0.999981 0.999962 633
0.999921 0.999844 709
0.999977 0.999963 839
0.997793 0.995590 571
0.999956 0.999911 550
0.999890 0.999777 754
0.999982 0.999967 649
0.999921 0.999842 734
0.999994 0.999986 658
0.999979 0.999957 668
0.999958 0.999916 502
0.999934 0.999868 743
0.960080 0.921544 658
1.000000 0.999999 651
0.999838 0.999685 785
0.999985 0.999969 667
0.999971 0.999942 403
0.999482 0.998954 809
0.999823 0.999645 539
0.999998 0.999996 346
0.998893 0.997742 778
0.999995 0.999991 718
0.999985 0.999971 777
0.999979 0.999958 504
0.999770 0.999543 766
0.977752 0.955884 637
0.999888 0.999774 630
0.999867 0.999729 810
0.999823 0.999647 486
0.999968 0.999937 389
0.999997 0.999993 691
0.999994 0.999988 671
0.999877 0.999752 772
0.999796 0.999591 530
0.999535 0.999071 212
0.999452 0.998904 129
0.999991 0.999982 579
0.999971 0.999939 750
0.999271 0.998618 752
0.998981 0.997933 716
0.999999 0.999997 513
1.000000 0.999925 187
0.999929 0.999859 668
0.999659 0.999346 729
0.999882 0.999802 777
0.999889 0.999810 802
0.999230 0.998457 494
0.999388 0.998788 790
0.999940 0.999881 570
0.997209 0.994426 222
0.999967 0.999933 724
0.999924 0.999847 597
0.999897 0.999793 522
0.999982 0.999963 442
0.999978 0.999957 722
0.000000 0.000000 100
0.999998 0.999996 613
0.999991 0.999982 499
0.999799 0.999625 796
0.999849 0.999698 680
1.000000 1.000000 644
0.999499 0.998993 765
0.999959 0.999919 477
0.999957 0.999914 702
0.999928 0.999848 757
0.999893 0.999789 720
0.999999 0.999999 511
0.998991 0.998012 764
0.999930 0.999917 316
0.998120 0.996178 754
0.999938 0.999868 811
0.999969 0.999940 722
0.999994 0.999988 673
0.999957 0.999915 625
0.999910 0.999830 716
0.999951 0.999902 729
0.999975 0.999949 678
0.999995 0.999990 540
0.999993 0.999986 697
0.999951 0.999902 688
0.995729 0.991393 731
0.999994 0.999987 689
0.999893 0.999786 738
0.992342 0.984735 296
0.999854 0.999707 493
0.999968 0.999939 566
0.999986 0.999973 634
0.999974 0.999951 797
0.999994 0.999987 475
0.999934 0.999876 735
0.999990 0.999980 644
0.999961 0.999922 488
0.999953 0.999907 630
0.992172 0.984405 241
0.999931 0.999863 326
0.998909 0.997813 579
0.999942 0.999884 751
0.999947 0.999895 675
0.999997 0.999995 125
0.999708 0.999424 763
0.999905 0.999805 804
0.999981 0.999962 650
0.999997 0.999995 512
0.998073 0.996150 326
0.999875 0.999750 203
0.999306 0.998612 733
0.999888 0.999773 818
0.999972 0.999944 544
0.999979 0.999957 713
0.999995 0.999991 434
0.999974 0.999954 732
0.999269 0.998533 726
0.999891 0.999784 755
0.999862 0.999735 801
0.999995 0.999990 695
0.940105 0.883478 641
0.999968 0.999936 346
0.999892 0.999786 704
0.999954 0.999911 722
0.999997 0.999994 674
0.999935 0.999870 748
0.999344 0.998718 802
0.999449 0.998898 572
0.999949 0.999897 559
0.999931 0.999863 597
0.999959 0.999920 711
0.999976 0.999952 512
0.999986 0.999972 694
0.998072 0.996147 737
0.997089 0.994186 651
0.999992 0.999984 641
0.999952 0.999903 442
0.999949 0.999897 211
0.999889 0.999782 739
0.999997 0.999993 601
0.999928 0.999856 479
0.999819 0.999637 786
0.999980 0.999961 705
0.999994 0.999990 245
0.999985 0.999970 501
0.999770 0.999685 839
0.996808 0.993624 667
0.999868 0.999730 817
0.999682 0.999434 801
0.988625 0.977380 163
0.999984 0.999968 455
0.999967 0.999936 613
0.999896 0.999796 740
0.999434 0.998882 726
0.999985 0.999969 649
0.999983 0.999964 745
0.999989 0.999978 661
0.999419 0.998834 792
0.999947 0.999893 497
0.999948 0.999900 742
0.994750 0.989501 612
0.999896 0.999799 739
0.999917 0.999830 792
0.999958 0.999915 193
0.996871 0.993740 228
0.999921 0.999843 569
0.999972 0.999940 641
0.999997 0.999994 689
0.999890 0.999782 666
0.982101 0.964324 183
0.999937 0.999873 738
0.999975 0.999948 746
0.999232 0.998464 284
0.999989 0.999977 473
0.999978 0.999957 459
1.000000 0.999999 580
0.999974 0.999949 734
0.999693 0.999636 305
0.979863 0.960029 671
0.999995 0.999990 643
0.999980 0.999958 700
0.999636 0.999272 563
0.999766 0.999566 805
0.995846 0.991528 780
0.999868 0.999730 752
0.999946 0.999891 722
0.999857 0.999727 815
0.999891 0.999775 798
0.999977 0.999955 757
0.999852 0.999706 846
0.999939 0.999876 702
0.999975 0.999950 552
0.999845 0.999690 296
0.999977 0.999952 557
0.000000 0.000000 100
0.999923 0.999842 737
0.999916 0.999830 244
0.998818 0.997636 247
0.999965 0.999932 746
0.999916 0.999832 774
0.998353 0.996821 798
0.999985 0.999970 439
0.999965 0.999929 176
0.997451 0.994908 249
0.999940 0.999880 543
0.999717 0.999392 830
0.999986 0.999973 687
0.999942 0.999885 645
0.999931 0.999865 743
0.999994 0.999988 627
0.999979 0.999958 168
0.999266 0.998533 607
0.999989 0.999978 600
0.999893 0.999792 762
0.999982 0.999964 584
0.999914 0.999807 845
0.999680 0.999202 240
0.999742 0.999483 615
0.999930 0.999861 565
0.999971 0.999943 685
0.999804 0.999574 825
0.999961 0.999917 737
0.999962 0.999928 765
0.999990 0.999979 649
1.000000 0.999999 462
0.999512 0.999002 735
0.999963 0.999926 603
0.999987 0.999975 535
0.996105 0.992206 624
0.999976 0.999955 764
0.999930 0.999864 716
0.999920 0.999839 822
0.999977 0.999952 561
0.999761 0.999521 328
0.999972 0.999946 775
0.999889 0.999778 418
0.999926 0.999852 677
0.999738 0.999491 797
0.995556 0.991125 338
0.999863 0.999717 799
0.999955 0.999911 433
0.999931 0.999852 832
0.999136 0.998271 654
0.999999 0.999998 720
0.999935 0.999870 531
0.999542 0.999094 751
0.999891 0.999781 587
0.999998 0.999996 435
0.999996 0.999992 651
0.999381 0.998762 602
0.998873 0.997720 715
0.999869 0.999737 771
0.999238 0.998447 718
0.999983 0.999964 704
0.999793 0.999586 535
0.999959 0.999923 742
0.999103 0.998112 737
0.999883 0.999766 634
0.999989 0.999979 624
0.999947 0.999891 691
0.999249 0.998499 234
0.999929 0.999861 716
0.999903 0.999806 522
0.999910 0.999813 738
0.999898 0.999798 810
0.999329 0.998656 570
0.999986 0.999971 681
0.999984 0.999969 719
0.999122 0.998275 791
0.999978 0.999956 658
0.999842 0.999715 780
0.999348 0.998686 736
0.999999 0.999997 740
0.999974 0.999948 531
0.998755 0.997580 746
0.999983 0.999966 717
0.999859 0.999716 482
0.999874 0.999750 713
0.999904 0.999816 746
0.995194 0.990697 737
0.999998 0.999996 463
0.999951 0.999902 430
0.999548 0.999104 776
0.999379 0.998777 776
0.990846 0.981767 741
0.999998 0.999997 519
0.999961 0.999920 706
0.999085 0.998170 265
0.999991 0.999982 464
0.999938 0.999875 515
0.999954 0.999908 422
0.999992 0.999984 641
0.999968 0.999933 669
0.999474 0.998948 245
0.999979 0.999960 673
0.999955 0.999898 797
0.965886 0.929534 144
0.999477 0.998942 800
0.999951 0.999902 753
0.999317 0.998635 397
0.999671 0.999359 796
0.999572 0.999132 768
0.999890 0.999787 708
0.999845 0.999691 328
0.999856 0.999707 738
0.999995 0.999991 668
0.999814 0.999620 766
0.999998 0.999996 531
0.999840 0.999676 801
0.999975 0.999950 501
0.999387 0.998736 778
0.999990 0.999980 649
0.999477 0.998953 546
0.999631 0.999260 482
0.999998 0.999995 716
0.999295 0.998525 789
0.999382 0.998717 728
0.999923 0.999845 528
0.999896 0.999796 821
0.999904 0.999807 770
0.999064 0.998135 785
0.999969 0.999938 663
0.999946 0.999892 566
0.999966 0.999932 545
0.988791 0.977689 177
0.999573 0.999092 783
0.999917 0.999837 730
0.999723 0.999447 760
0.999803 0.999579 764
0.969098 0.939151 636
0.985494 0.971199 643
0.999771 0.999549 777
1.000000 1.000000 384
0.999974 0.999949 298
0.999500 0.998998 192
0.962021 0.925485 550
0.999947 0.999893 651
0.999656 0.999324 765
0.999992 0.999984 654
0.999876 0.999755 794
0.999879 0.999761 775
0.999922 0.999844 623
0.999982 0.999963 629
0.975298 0.951205 671
0.999087 0.998151 823
0.999923 0.999846 515
0.999927 0.999859 793
0.999999 0.999997 405
1.000000 1.000000 121
0.999971 0.999941 651
0.999948 0.999899 745
0.999872 0.999737 752
0.999418 0.998836 566
0.999759 0.999519 790
0.999997 0.999993 728
0.999941 0.999882 537
0.999709 0.999418 529
0.999974 0.999948 335
0.999998 0.999995 647
0.999996 0.999991 418
0.999966 0.999929 805
0.999898 0.999796 349
0.999988 0.999976 709
0.999965 0.999928 679
0.999994 0.999989 513
0.999592 0.999160 768
0.995612 0.991232 194
0.999957 0.999912 710
0.999268 0.998593 825
0.999997 0.999994 670
0.999047 0.998029 796
0.999755 0.999509 512
0.988439 0.964885 107
0.999920 0.999857 787
0.999888 0.999776 547
0.999892 0.999781 700
0.999996 0.999992 593
0.999999 0.999998 323
0.999989 0.999980 729
0.999869 0.999738 367
0.999855 0.999717 778
0.999791 0.999581 710
0.999966 0.999932 750
0.999886 0.999773 732
0.999853 0.999707 550
0.999971 0.999941 693
1.000000 0.999952 130
0.999837 0.999664 719
0.999982 0.999964 465
0.999968 0.999935 752
0.999851 0.999711 809
0.999405 0.998811 359
0.929123 0.862889 200
0.984906 0.970041 622
0.999946 0.999892 434
0.999950 0.999899 539
0.999579 0.999158 180
0.949186 0.900903 234
0.999498 0.998994 223
0.999953 0.999898 785
0.999967 0.999936 704
0.999653 0.999305 409
0.999994 0.999989 685
0.999752 0.999505 670
0.993102 0.986217 644
0.999974 0.999949 538
0.999545 0.999019 811
0.999920 0.999840 561
0.999848 0.999703 769
0.999959 0.999911 713
0.999985 0.999970 631
0.999722 0.999409 783
0.999996 0.999992 559
0.975268 0.951137 205
0.999884 0.999769 565
0.974513 0.949676 631
1.000000 1.000000 124
0.999911 0.999817 782
0.999858 0.999712 756
0.999965 0.999930 510
0.999990 0.999980 342
0.999977 0.999953 731
0.999991 0.999982 727
0.999947 0.999893 716
0.999714 0.999415 752
0.999923 0.999846 529
0.999959 0.999918 669
0.999959 0.999918 460
0.997795 0.995595 232
0.999766 0.999511 783
0.999967 0.999927 437
0.999952 0.999904 592
0.999978 0.999955 563
0.998903 0.997803 557
0.999961 0.999921 685
0.999995 0.999990 627
0.999951 0.999901 475
0.999968 0.999937 477
0.999817 0.999635 578
0.999830 0.999659 607
0.988737 0.977545 255
0.999974 0.999948 118
0.999370 0.998746 777
0.999986 0.999973 456
0.999795 0.999586 748
0.999972 0.999944 575
0.999709 0.999423 723
0.999984 0.999967 714
0.999293 0.998597 796
0.999993 0.999987 473
0.999989 0.999977 474
0.999935 0.999875 755
0.998976 0.997967 202
0.999775 0.999551 580
0.999990 0.999981 641
0.999958 0.999936 801
0.999925 0.999850 406
0.999937 0.999872 684
0.999927 0.999854 772
0.999996 0.999992 418
0.999863 0.999707 844
0.999965 0.999934 775
0.999694 0.999387 777
0.999996 0.999994 712
0.999855 0.999716 769
0.999925 0.999849 534
0.996095 0.992206 618
0.999990 0.999980 292
0.999818 0.999636 335
0.999956 0.999912 437
0.999993 0.999986 752
0.999947 0.999892 642
0.997936 0.995817 703
0.999998 0.999997 518
0.999838 0.999675 569
0.999634 0.999280 786
0.999943 0.999883 781
0.999936 0.999879 754
0.999991 0.999982 447
0.999694 0.999388 549
0.999946 0.999892 605
0.998720 0.997435 300
0.999985 0.999969 709
0.999825 0.999647 749
0.999920 0.999858 414
0.999980 0.999961 475
0.999963 0.999927 711
0.999885 0.999778 760
1.000000 1.000000 199
0.999004 0.998032 780
0.999730 0.999463 744
0.999860 0.999716 563
0.999955 0.999909 406
0.988886 0.977840 181
0.999910 0.999822 740
0.999967 0.999945 762
0.999984 0.999972 789
0.998260 0.996514 612
0.999978 0.999956 541
0.999995 0.999989 700
0.999541 0.999090 787
0.924102 0.853553 587
0.999592 0.999149 743
0.999827 0.999663 806
0.999396 0.998788 516
0.999985 0.999970 745
0.995089 0.990087 751
0.999820 0.999639 401
0.999912 0.999824 538
0.999980 0.999961 646
0.999992 0.999985 646
0.973766 0.948213 234
0.999981 0.999962 703
0.999934 0.999862 747
0.999962 0.999922 721
0.999988 0.999976 699
0.999983 0.999966 608
0.999998 0.999995 151
1.000000 1.000000 412
0.999903 0.999807 791
0.999991 0.999981 618
0.999587 0.999143 750
0.999996 0.999992 493
0.999978 0.999956 622
0.999979 0.999959 535
0.998799 0.997671 777
0.998956 0.997910 718
0.999805 0.999605 630
0.999794 0.999588 531
0.999113 0.998224 601
0.999119 0.998239 687
0.999975 0.999952 718
0.997847 0.995700 567
0.999991 0.999982 667
0.999836 0.999673 486
0.999756 0.999509 703
0.999959 0.999918 588
0.999915 0.999816 804
0.999999 0.999997 714
0.999993 0.999984 563
0.999637 0.999274 289
0.999206 0.998384 708
0.999826 0.999652 474
0.999894 0.999788 569
0.999869 0.999738 501
0.999578 0.999152 634
0.999957 0.999924 797
0.999835 0.999673 798
0.999977 0.999955 570
0.999967 0.999935 581
0.999276 0.998587 784
0.999971 0.999943 600
0.999981 0.999962 375
0.999770 0.999540 547
0.999893 0.999783 747
0.999858 0.999715 317
0.999933 0.999865 586
0.999897 0.999785 699
0.999962 0.999923 550
0.999960 0.999919 566
0.999951 0.999901 313
0.999982 0.999965 641
0.999812 0.999624 538
0.999959 0.999917 579
0.999513 0.999225 329
0.999823 0.999648 682
0.996174 0.994728 123
0.999944 0.999888 445
0.987972 0.976089 670
0.999968 0.999934 639
0.999993 0.999985 386
0.999342 0.998685 556
0.999941 0.999878 736
0.999739 0.999486 777
0.998608 0.997184 753
0.999983 0.999965 525
0.999978 0.999956 172
0.999728 0.999446 772
0.998341 0.996676 196
0.999669 0.999349 718
0.999988 0.999975 645
0.999977 0.999954 482
0.999938 0.999875 471
0.999954 0.999910 737
0.999734 0.999498 757
0.999969 0.999918 156
0.999983 0.999972 802
0.999989 0.999977 550
0.999856 0.999706 755
0.999931 0.999864 709
0.999866 0.999732 517
0.999916 0.999833 545
0.998478 0.996898 781
0.985385 0.970442 178
0.999843 0.999686 171
0.999874 0.999749 464
0.999928 0.999858 775
0.999844 0.999683 780
0.999386 0.998799 775
0.999949 0.999897 437
0.000000 0.000000 100
0.999886 0.999779 744
0.999677 0.999360 732
0.999511 0.999034 749
0.998793 0.998591 266
0.999980 0.999960 278
0.999989 0.999978 266
0.999932 0.999861 701
0.999856 0.999710 524
0.999994 0.999987 518
0.999961 0.999923 603
0.999943 0.999886 601
0.996239 0.992474 613
0.999945 0.999889 577
0.999989 0.999979 668
0.999970 0.999940 704
0.999943 0.999882 769
0.999956 0.999907 653
0.998561 0.997045 740
1.000000 0.999999 443
0.999995 0.999989 502
0.999955 0.999910 451
0.998909 0.997949 805
0.999985 0.999969 533
0.999946 0.999894 794
0.999972 0.999934 786
0.999924 0.999853 719
0.999537 0.999068 771
0.999962 0.999925 603
0.999849 0.999699 507
0.982699 0.965701 175
1.000000 0.999935 127
0.999858 0.999715 243
0.994402 0.988795 165
0.999982 0.999967 685
0.999983 0.999968 786
0.999094 0.998181 754
0.999918 0.999838 733
0.999959 0.999921 783
0.994675 0.988554 825
0.999982 0.999964 519
0.999449 0.998909 730
0.999995 0.999991 730
0.999981 0.999967 798
0.999987 0.999974 555
0.999861 0.999725 741
0.999976 0.999955 627
0.999925 0.999854 770
0.999967 0.999929 716
0.999984 0.999968 400
0.994722 0.989445 617
0.999985 0.999968 622
0.999999 0.999997 487
0.999938 0.999879 732
0.999985 0.999971 630
0.999999 0.999998 676
0.999842 0.999684 568
0.999857 0.999707 758
0.999826 0.999622 796
0.999987 0.999973 522
0.999681 0.999352 801
0.999488 0.998977 476
0.999952 0.999905 748
0.999745 0.999458 786
0.999950 0.999891 715
0.964271 0.929699 161
0.990138 0.981699 230
0.999751 0.999502 366
0.999847 0.999681 796
0.999991 0.999982 630
0.999983 0.999968 704
0.999993 0.999987 777
0.999980 0.999959 584
0.999997 0.999993 657
0.999933 0.999868 734
0.999886 0.999772 452
0.999811 0.999622 802
0.998084 0.996175 180
0.999925 0.999849 744
0.999862 0.999723 399
0.999998 0.999996 690
0.928511 0.861804 172
0.999990 0.999978 739
0.999991 0.999982 480
0.999352 0.998929 765
0.999866 0.999731 566
0.999059 0.998119 203
0.999999 0.999997 689
0.999483 0.998934 788
0.999913 0.999829 702
0.999608 0.999218 728
0.991814 0.983666 192
0.999999 0.999998 630
0.999990 0.999981 623
0.999982 0.999965 780
0.999979 0.999957 622
0.999987 0.999973 615
0.988650 0.977371 554
