0.000000 0.000000 138
0.000000 -0.000000 141
0.000000 -0.000000 142
-0.000000 -0.000000 144
-0.000000 -0.000000 143
0.000000 0.000000 136
0.000000 0.000000 128
-0.000000 -0.000000 155
-0.000000 -0.000000 145
0.000000 0.000000 146
-0.000000 -0.000000 135
0.000000 0.000000 119
-0.000000 0.000000 136
0.000000 0.000000 152
-0.000000 0.000000 148
0.000000 -0.000000 143
-0.000000 0.000000 145
0.000000 0.000000 147
0.000000 0.000000 153
-0.000000 0.000000 142
-0.000000 0.000000 135
0.000000 0.000000 147
-0.000000 0.000000 145
-0.000000 -0.000000 148
0.000000 -0.000000 143
-0.000000 0.000000 138
-0.000000 0.000000 145
0.000000 -0.000000 144
0.000000 -0.000000 143
-0.000000 0.000000 145
-0.000000 -0.000000 132
-0.000000 -0.000000 150
-0.000000 0.000000 151
-0.000000 -0.000000 141
0.000000 0.000000 140
-0.000000 -0.000000 138
-0.000000 0.000000 148
-0.000000 0.000000 143
0.000000 -0.000000 140
0.000000 -0.000000 132
0.000000 -0.000000 139
0.000000 -0.000000 132
0.000000 -0.000000 134
-0.000000 -0.000000 150
-0.000000 -0.000000 142
-0.000000 0.000000 149
0.000000 0.000000 136
0.000000 -0.000000 143
-0.000000 -0.000000 145
-0.000000 0.000000 148
-0.000000 0.000000 134
0.000000 -0.000000 141
-0.000000 0.000000 139
-0.000000 -0.000000 147
0.000000 0.000000 140
-0.000000 0.000000 136
-0.000000 -0.000000 152
-0.000000 0.000000 149
0.000000 -0.000000 142
-0.000000 0.000000 149
-0.000000 0.000000 138
0.000000 0.000000 142
0.000000 -0.000000 144
0.000000 -0.000000 138
-0.000000 -0.000000 143
0.000000 -0.000000 134
0.000000 -0.000000 142
-0.000000 -0.000000 140
-0.000000 -0.000000 135
0.000000 -0.000000 135
0.000000 0.000000 151
0.000000 -0.000000 134
-0.000000 0.000000 143
0.000000 0.000000 149
-0.000000 0.000000 152
-0.000000 0.000000 146
-0.000000 0.000000 136
-0.000000 -0.000000 143
-0.000000 0.000000 141
-0.000000 0.000000 139
0.000000 -0.000000 135
-0.000000 0.000000 142
0.000000 0.000000 138
-0.000000 0.000000 145
0.000000 0.000000 150
0.000000 -0.000000 150
-0.000000 0.000000 148
-0.000000 0.000000 149
0.000000 0.000000 141
0.000000 0.000000 138
0.000000 0.000000 142
-0.000000 0.000000 142
-0.000000 0.000000 127
-0.000000 -0.000000 128
-0.000000 -0.000000 141
-0.000000 0.000000 136
0.000000 0.000000 142
-0.000000 -0.000000 143
0.000000 -0.000000 143
-0.000000 -0.000000 143
0.000000 0.000000 136
-0.000000 -0.000000 145
0.000000 0.000000 131
-0.000000 -0.000000 133
0.000000 -0.000000 149
0.000000 0.000000 141
0.000000 0.000000 145
0.000000 -0.000000 143
0.000000 -0.000000 152
-0.000000 -0.000000 138
-0.000000 -0.000000 157
-0.000000 0.000000 147
0.000000 0.000000 146
0.000000 0.000000 127
0.000000 -0.000000 136
0.000000 0.000000 148
-0.000000 0.000000 147
0.000000 0.000000 139
0.000000 0.000000 136
-0.000000 0.000000 141
0.000000 -0.000000 137
0.000000 -0.000000 146
-0.000000 0.000000 143
-0.000000 -0.000000 154
-0.000000 -0.000000 129
-0.000000 -0.000000 133
-0.000000 -0.000000 144
0.000000 -0.000000 146
0.000000 0.000000 146
0.000000 -0.000000 138
-0.000000 -0.000000 138
0.000000 -0.000000 142
-0.000000 0.000000 137
0.000000 -0.000000 153
0.000000 0.000000 149
0.000000 -0.000000 143
0.000000 0.000000 142
-0.000000 -0.000000 141
0.000000 -0.000000 137
0.000000 0.000000 147
-0.000000 0.000000 138
0.000000 0.000000 147
0.000000 0.000000 151
0.000000 -0.000000 140
-0.000000 -0.000000 143
-0.000000 -0.000000 147
-0.000000 -0.000000 139
0.000000 0.000000 153
-0.000000 -0.000000 138
-0.000000 0.000000 140
-0.000000 -0.000000 139
0.000000 -0.000000 129
0.000000 0.000000 142
0.000000 -0.000000 149
0.000000 0.000000 142
0.000000 -0.000000 139
-0.000000 0.000000 137
-0.000000 0.000000 144
-0.000000 -0.000000 141
0.000000 -0.000000 140
-0.000000 -0.000000 135
-0.000000 0.000000 137
0.000000 0.000000 131
0.000000 -0.000000 146
0.000000 0.000000 148
0.000000 0.000000 155
0.000000 -0.000000 139
0.000000 -0.000000 152
-0.000000 -0.000000 148
-0.000000 -0.000000 137
-0.000000 0.000000 148
-0.000000 -0.000000 130
-0.000000 0.000000 145
-0.000000 -0.000000 148
0.000000 -0.000000 140
0.000000 -0.000000 144
-0.000000 0.000000 137
0.000000 -0.000000 135
-0.000000 0.000000 140
-0.000000 0.000000 150
-0.000000 -0.000000 152
0.000000 -0.000000 135
0.000000 0.000000 138
-0.000000 -0.000000 148
0.000000 -0.000000 140
-0.000000 0.000000 158
-0.000000 -0.000000 148
0.000000 0.000000 142
0.000000 0.000000 148
0.000000 0.000000 144
-0.000000 -0.000000 140
0.000000 0.000000 163
-0.000000 -0.000000 147
0.000000 -0.000000 150
-0.000000 0.000000 154
0.000000 0.000000 144
0.000000 -0.000000 129
-0.000000 0.000000 140
-0.000000 -0.000000 138
-0.000000 -0.000000 145
-0.000000 -0.000000 140
0.000000 -0.000000 140
-0.000000 -0.000000 145
0.000000 -0.000000 134
0.000000 -0.000000 152
-0.000000 0.000000 149
-0.000000 -0.000000 144
0.000000 -0.000000 147
-0.000000 0.000000 144
0.000000 0.000000 141
-0.000000 -0.000000 139
0.000000 0.000000 146
0.000000 -0.000000 142
0.000000 -0.000000 134
-0.000000 -0.000000 141
0.000000 0.000000 135
0.000000 0.000000 140
0.000000 0.000000 148
-0.000000 -0.000000 147
-0.000000 0.000000 146
-0.000000 -0.000000 151
0.000000 -0.000000 139
0.000000 -0.000000 152
0.000000 -0.000000 138
0.000000 -0.000000 140
0.000000 -0.000000 144
0.000000 -0.000000 144
0.000000 0.000000 146
0.000000 0.000000 139
0.000000 0.000000 139
0.000000 -0.000000 149
0.000000 0.000000 139
-0.000000 0.000000 142
-0.000000 -0.000000 150
0.000000 0.000000 144
0.000000 0.000000 141
-0.000000 0.000000 136
-0.000000 0.000000 134
-0.000000 0.000000 148
-0.000000 0.000000 154
0.000000 -0.000000 142
-0.000000 -0.000000 138
0.000000 0.000000 156
0.000000 0.000000 137
-0.000000 -0.000000 138
-0.000000 0.000000 152
-0.000000 0.000000 144
-0.000000 -0.000000 142
0.000000 0.000000 143
-0.000000 -0.000000 134
0.000000 -0.000000 143
-0.000000 0.000000 147
0.000000 -0.000000 141
0.000000 -0.000000 136
-0.000000 -0.000000 144
0.000000 0.000000 133
0.000000 -0.000000 137
-0.000000 -0.000000 140
0.000000 -0.000000 129
-0.000000 -0.000000 146
-0.000000 0.000000 147
0.000000 -0.000000 141
-0.000000 -0.000000 138
0.000000 0.000000 136
-0.000000 -0.000000 154
0.000000 -0.000000 154
0.000000 -0.000000 124
-0.000000 0.000000 144
0.000000 -0.000000 139
0.000000 0.000000 147
0.000000 -0.000000 137
0.000000 -0.000000 152
-0.000000 -0.000000 151
-0.000000 0.000000 146
-0.000000 -0.000000 142
-0.000000 -0.000000 143
0.000000 0.000000 142
0.000000 0.000000 155
0.000000 0.000000 147
0.000000 -0.000000 142
0.000000 -0.000000 133
-0.000000 -0.000000 143
-0.000000 -0.000000 128
0.000000 -0.000000 125
-0.000000 -0.000000 144
-0.000000 0.000000 146
-0.000000 -0.000000 139
0.000000 0.000000 139
-0.000000 0.000000 129
-0.000000 -0.000000 148
0.000000 -0.000000 133
0.000000 0.000000 150
0.000000 -0.000000 146
0.000000 -0.000000 140
-0.000000 0.000000 145
0.000000 -0.000000 147
0.000000 -0.000000 149
-0.000000 0.000000 151
-0.000000 -0.000000 141
0.000000 0.000000 148
0.000000 0.000000 127
0.000000 0.000000 135
-0.000000 0.000000 154
0.000000 -0.000000 142
0.000000 0.000000 138
-0.000000 -0.000000 136
-0.000000 -0.000000 156
0.000000 -0.000000 149
0.000000 -0.000000 150
0.000000 0.000000 138
0.000000 0.000000 148
0.000000 0.000000 156
0.000000 0.000000 134
-0.000000 -0.000000 143
0.000000 0.000000 152
-0.000000 0.000000 142
0.000000 0.000000 156
-0.000000 -0.000000 149
0.000000 -0.000000 142
-0.000000 -0.000000 126
0.000000 -0.000000 151
-0.000000 -0.000000 148
0.000000 0.000000 135
0.000000 0.000000 151
-0.000000 0.000000 158
-0.000000 -0.000000 142
0.000000 -0.000000 145
-0.000000 -0.000000 149
0.000000 0.000000 140
-0.000000 0.000000 135
-0.000000 0.000000 141
-0.000000 0.000000 143
0.000000 0.000000 134
-0.000000 0.000000 138
0.000000 -0.000000 134
-0.000000 0.000000 132
-0.000000 0.000000 141
-0.000000 0.000000 148
-0.000000 -0.000000 141
0.000000 -0.000000 146
0.000000 -0.000000 129
-0.000000 0.000000 144
-0.000000 0.000000 136
-0.000000 0.000000 127
0.000000 0.000000 134
-0.000000 -0.000000 140
-0.000000 -0.000000 145
0.000000 -0.000000 146
0.000000 -0.000000 143
-0.000000 0.000000 137
0.000000 0.000000 144
0.000000 -0.000000 135
-0.000000 0.000000 155
-0.000000 0.000000 148
0.000000 0.000000 132
0.000000 -0.000000 138
0.000000 -0.000000 139
0.000000 -0.000000 132
0.000000 0.000000 148
0.000000 0.000000 142
-0.000000 0.000000 129
0.000000 -0.000000 134
0.000000 0.000000 144
-0.000000 0.000000 144
-0.000000 0.000000 140
0.000000 -0.000000 147
-0.000000 0.000000 142
0.000000 -0.000000 120
0.000000 0.000000 132
0.000000 0.000000 142
-0.000000 -0.000000 152
-0.000000 0.000000 142
-0.000000 0.000000 140
0.000000 0.000000 140
-0.000000 0.000000 135
-0.000000 0.000000 148
0.000000 -0.000000 140
0.000000 -0.000000 144
0.000000 -0.000000 137
0.000000 -0.000000 138
-0.000000 0.000000 147
0.000000 -0.000000 134
-0.000000 -0.000000 144
0.000000 0.000000 132
-0.000000 -0.000000 158
-0.000000 -0.000000 150
0.000000 -0.000000 133
-0.000000 -0.000000 146
0.000000 0.000000 139
-0.000000 0.000000 149
0.000000 0.000000 146
-0.000000 0.000000 143
-0.000000 0.000000 150
0.000000 -0.000000 137
-0.000000 0.000000 142
-0.000000 -0.000000 139
-0.000000 0.000000 144
0.000000 0.000000 137
0.000000 0.000000 130
-0.000000 0.000000 138
0.000000 0.000000 147
0.000000 0.000000 140
0.000000 0.000000 139
0.000000 -0.000000 135
-0.000000 -0.000000 146
0.000000 0.000000 140
0.000000 0.000000 145
-0.000000 0.000000 143
0.000000 -0.000000 146
-0.000000 0.000000 143
-0.000000 -0.000000 150
-0.000000 0.000000 146
-0.000000 0.000000 130
-0.000000 0.000000 143
-0.000000 -0.000000 144
0.000000 0.000000 149
0.000000 0.000000 150
0.000000 -0.000000 147
0.000000 0.000000 137
0.000000 -0.000000 141
0.000000 0.000000 153
-0.000000 -0.000000 151
-0.000000 0.000000 151
0.000000 -0.000000 143
-0.000000 -0.000000 137
-0.000000 -0.000000 147
0.000000 -0.000000 138
0.000000 0.000000 150
0.000000 -0.000000 150
-0.000000 -0.000000 140
-0.000000 0.000000 145
0.000000 0.000000 140
-0.000000 0.000000 127
-0.000000 -0.000000 139
-0.000000 0.000000 151
-0.000000 -0.000000 148
-0.000000 -0.000000 141
0.000000 -0.000000 142
0.000000 0.000000 137
-0.000000 0.000000 146
0.000000 0.000000 133
-0.000000 0.000000 147
-0.000000 -0.000000 137
-0.000000 -0.000000 142
0.000000 -0.000000 135
-0.000000 -0.000000 130
-0.000000 0.000000 145
-0.000000 0.000000 141
-0.000000 0.000000 149
0.000000 -0.000000 132
-0.000000 0.000000 152
0.000000 -0.000000 149
-0.000000 0.000000 141
-0.000000 0.000000 151
-0.000000 0.000000 141
0.000000 -0.000000 144
0.000000 -0.000000 141
-0.000000 0.000000 147
0.000000 -0.000000 133
-0.000000 -0.000000 148
0.000000 -0.000000 126
-0.000000 -0.000000 147
-0.000000 -0.000000 153
0.000000 0.000000 154
0.000000 -0.000000 143
0.000000 0.000000 149
0.000000 0.000000 143
-0.000000 -0.000000 138
-0.000000 0.000000 150
-0.000000 0.000000 136
0.000000 -0.000000 141
0.000000 -0.000000 147
0.000000 0.000000 139
-0.000000 -0.000000 139
0.000000 -0.000000 152
0.000000 -0.000000 139
-0.000000 -0.000000 144
0.000000 0.000000 137
-0.000000 -0.000000 139
-0.000000 -0.000000 137
-0.000000 -0.000000 147
0.000000 -0.000000 151
-0.000000 -0.000000 147
0.000000 -0.000000 148
-0.000000 -0.000000 150
-0.000000 0.000000 148
-0.000000 -0.000000 134
-0.000000 -0.000000 141
-0.000000 0.000000 144
0.000000 0.000000 143
-0.000000 0.000000 142
-0.000000 -0.000000 159
0.000000 0.000000 158
-0.000000 0.000000 132
0.000000 0.000000 145
0.000000 0.000000 143
0.000000 0.000000 145
0.000000 0.000000 137
-0.000000 0.000000 150
-0.000000 -0.000000 148
-0.000000 0.000000 146
0.000000 0.000000 122
0.000000 -0.000000 144
-0.000000 -0.000000 143
0.000000 -0.000000 140
-0.000000 -0.000000 146
0.000000 -0.000000 135
-0.000000 -0.000000 140
-0.000000 0.000000 143
0.000000 0.000000 146
-0.000000 0.000000 145
0.000000 -0.000000 152
0.000000 0.000000 144
-0.000000 -0.000000 143
-0.000000 0.000000 137
-0.000000 -0.000000 133
0.000000 -0.000000 139
0.000000 0.000000 147
0.000000 0.000000 144
0.000000 0.000000 137
0.000000 -0.000000 135
-0.000000 0.000000 151
0.000000 0.000000 146
0.000000 0.000000 143
0.000000 0.000000 152
0.000000 -0.000000 135
0.000000 -0.000000 141
-0.000000 -0.000000 149
-0.000000 0.000000 146
0.000000 0.000000 139
-0.000000 0.000000 143
0.000000 0.000000 155
-0.000000 -0.000000 144
-0.000000 0.000000 141
0.000000 0.000000 152
0.000000 -0.000000 148
0.000000 0.000000 143
0.000000 -0.000000 146
0.000000 0.000000 139
-0.000000 -0.000000 153
-0.000000 -0.000000 148
0.000000 0.000000 147
-0.000000 0.000000 149
-0.000000 0.000000 155
0.000000 -0.000000 131
0.000000 0.000000 135
0.000000 -0.000000 136
-0.000000 -0.000000 150
-0.000000 -0.000000 140
0.000000 -0.000000 129
-0.000000 -0.000000 152
0.000000 -0.000000 148
0.000000 0.000000 144
0.000000 -0.000000 133
0.000000 0.000000 130
0.000000 -0.000000 146
0.000000 -0.000000 141
0.000000 -0.000000 139
-0.000000 -0.000000 143
0.000000 -0.000000 151
-0.000000 0.000000 143
-0.000000 -0.000000 143
0.000000 0.000000 160
0.000000 -0.000000 143
0.000000 0.000000 138
0.000000 0.000000 157
0.000000 0.000000 147
-0.000000 -0.000000 153
0.000000 -0.000000 153
-0.000000 -0.000000 150
-0.000000 -0.000000 155
0.000000 0.000000 157
-0.000000 0.000000 137
-0.000000 0.000000 161
0.000000 -0.000000 144
0.000000 0.000000 148
-0.000000 -0.000000 148
0.000000 -0.000000 143
-0.000000 -0.000000 149
-0.000000 0.000000 153
0.000000 0.000000 148
-0.000000 -0.000000 137
-0.000000 0.000000 157
0.000000 0.000000 154
0.000000 0.000000 144
-0.000000 -0.000000 133
0.000000 -0.000000 145
0.000000 0.000000 130
-0.000000 0.000000 158
-0.000000 -0.000000 145
-0.000000 -0.000000 147
0.000000 0.000000 141
-0.000000 0.000000 141
-0.000000 -0.000000 146
0.000000 0.000000 139
0.000000 -0.000000 140
0.000000 -0.000000 140
0.000000 0.000000 143
-0.000000 -0.000000 160
-0.000000 -0.000000 142
-0.000000 -0.000000 127
-0.000000 -0.000000 137
0.000000 -0.000000 135
-0.000000 -0.000000 137
-0.000000 -0.000000 145
0.000000 0.000000 144
-0.000000 -0.000000 156
-0.000000 -0.000000 139
0.000000 0.000000 133
0.000000 -0.000000 164
-0.000000 0.000000 140
0.000000 -0.000000 144
0.000000 0.000000 144
0.000000 -0.000000 137
-0.000000 -0.000000 155
-0.000000 -0.000000 162
-0.000000 0.000000 143
0.000000 0.000000 124
-0.000000 0.000000 141
-0.000000 0.000000 137
0.000000 0.000000 141
0.000000 0.000000 149
-0.000000 0.000000 143
-0.000000 -0.000000 140
-0.000000 0.000000 155
0.000000 -0.000000 147
0.000000 -0.000000 132
0.000000 0.000000 135
0.000000 0.000000 144
0.000000 0.000000 148
0.000000 -0.000000 146
0.000000 -0.000000 145
0.000000 0.000000 137
-0.000000 -0.000000 147
-0.000000 -0.000000 147
0.000000 0.000000 144
0.000000 -0.000000 153
-0.000000 -0.000000 136
0.000000 -0.000000 139
-0.000000 0.000000 146
0.000000 -0.000000 144
0.000000 -0.000000 137
-0.000000 -0.000000 143
0.000000 -0.000000 137
0.000000 -0.000000 153
0.000000 0.000000 154
0.000000 0.000000 147
0.000000 0.000000 140
-0.000000 0.000000 154
-0.000000 0.000000 141
0.000000 -0.000000 155
-0.000000 0.000000 129
-0.000000 -0.000000 141
-0.000000 -0.000000 140
0.000000 -0.000000 144
-0.000000 -0.000000 141
-0.000000 0.000000 154
0.000000 -0.000000 140
-0.000000 0.000000 140
-0.000000 0.000000 146
0.000000 0.000000 148
-0.000000 -0.000000 150
-0.000000 -0.000000 134
-0.000000 0.000000 125
0.000000 0.000000 142
-0.000000 0.000000 139
0.000000 -0.000000 123
0.000000 -0.000000 134
-0.000000 -0.000000 143
-0.000000 -0.000000 142
-0.000000 0.000000 133
-0.000000 0.000000 144
-0.000000 0.000000 141
-0.000000 -0.000000 142
0.000000 0.000000 145
-0.000000 0.000000 144
0.000000 -0.000000 155
0.000000 0.000000 146
0.000000 0.000000 143
0.000000 0.000000 145
0.000000 -0.000000 137
-0.000000 -0.000000 136
-0.000000 0.000000 148
-0.000000 -0.000000 138
-0.000000 -0.000000 137
0.000000 -0.000000 148
-0.000000 0.000000 163
-0.000000 0.000000 141
-0.000000 -0.000000 140
0.000000 0.000000 149
-0.000000 0.000000 142
0.000000 -0.000000 138
0.000000 0.000000 137
-0.000000 0.000000 145
-0.000000 0.000000 141
0.000000 -0.000000 133
0.000000 -0.000000 137
-0.000000 0.000000 135
0.000000 0.000000 132
-0.000000 -0.000000 154
-0.000000 -0.000000 137
0.000000 -0.000000 131
-0.000000 0.000000 146
0.000000 0.000000 141
-0.000000 0.000000 142
0.000000 0.000000 136
0.000000 0.000000 145
-0.000000 -0.000000 144
0.000000 -0.000000 153
0.000000 -0.000000 132
-0.000000 -0.000000 149
0.000000 -0.000000 148
0.000000 -0.000000 148
0.000000 0.000000 132
-0.000000 -0.000000 143
-0.000000 -0.000000 143
-0.000000 -0.000000 141
-0.000000 0.000000 152
-0.000000 -0.000000 134
0.000000 0.000000 134
-0.000000 -0.000000 165
0.000000 -0.000000 146
-0.000000 -0.000000 150
-0.000000 0.000000 145
-0.000000 0.000000 142
-0.000000 0.000000 137
0.000000 0.000000 133
0.000000 0.000000 131
0.000000 0.000000 142
-0.000000 -0.000000 137
0.000000 -0.000000 143
0.000000 0.000000 139
-0.000000 0.000000 147
0.000000 -0.000000 139
-0.000000 -0.000000 124
-0.000000 0.000000 135
0.000000 0.000000 138
-0.000000 -0.000000 147
-0.000000 -0.000000 143
0.000000 0.000000 138
0.000000 0.000000 144
-0.000000 -0.000000 134
0.000000 0.000000 154
-0.000000 0.000000 141
0.000000 0.000000 144
-0.000000 -0.000000 143
0.000000 -0.000000 150
-0.000000 0.000000 140
-0.000000 -0.000000 134
-0.000000 0.000000 149
-0.000000 0.000000 149
0.000000 0.000000 143
-0.000000 -0.000000 157
-0.000000 0.000000 136
-0.000000 -0.000000 145
-0.000000 -0.000000 149
-0.000000 0.000000 142
0.000000 0.000000 143
-0.000000 -0.000000 148
0.000000 0.000000 137
-0.000000 0.000000 133
0.000000 -0.000000 148
-0.000000 -0.000000 145
0.000000 0.000000 148
-0.000000 -0.000000 149
-0.000000 0.000000 140
0.000000 -0.000000 138
-0.000000 -0.000000 142
0.000000 -0.000000 136
0.000000 0.000000 151
-0.000000 -0.000000 126
-0.000000 -0.000000 135
-0.000000 0.000000 144
0.000000 -0.000000 150
0.000000 0.000000 149
0.000000 0.000000 142
0.000000 -0.000000 136
0.000000 -0.000000 152
0.000000 -0.000000 138
0.000000 0.000000 131
0.000000 -0.000000 144
-0.000000 -0.000000 139
-0.000000 -0.000000 144
-0.000000 -0.000000 152
0.000000 0.000000 153
-0.000000 0.000000 150
-0.000000 -0.000000 141
0.000000 0.000000 143
-0.000000 0.000000 141
-0.000000 -0.000000 159
-0.000000 0.000000 129
-0.000000 -0.000000 147
0.000000 0.000000 138
-0.000000 0.000000 143
0.000000 -0.000000 129
-0.000000 0.000000 150
-0.000000 0.000000 133
-0.000000 0.000000 140
0.000000 -0.000000 142
0.000000 0.000000 138
0.000000 0.000000 140
0.000000 0.000000 148
-0.000000 -0.000000 137
0.000000 -0.000000 136
-0.000000 0.000000 146
-0.000000 -0.000000 143
0.000000 -0.000000 153
0.000000 0.000000 128
0.000000 0.000000 143
-0.000000 0.000000 140
-0.000000 0.000000 151
0.000000 0.000000 146
0.000000 -0.000000 132
0.000000 -0.000000 164
-0.000000 -0.000000 136
-0.000000 -0.000000 147
0.000000 0.000000 137
0.000000 -0.000000 130
0.000000 0.000000 134
0.000000 -0.000000 156
-0.000000 0.000000 138
-0.000000 0.000000 151
0.000000 -0.000000 148
0.000000 0.000000 138
0.000000 -0.000000 138
-0.000000 0.000000 126
0.000000 -0.000000 149
-0.000000 -0.000000 141
0.000000 -0.000000 152
-0.000000 0.000000 147
-0.000000 -0.000000 134
0.000000 -0.000000 146
-0.000000 -0.000000 132
0.000000 0.000000 127
-0.000000 -0.000000 142
0.000000 -0.000000 147
-0.000000 -0.000000 144
-0.000000 0.000000 145
-0.000000 -0.000000 152
-0.000000 -0.000000 145
0.000000 -0.000000 151
0.000000 -0.000000 154
-0.000000 -0.000000 145
0.000000 -0.000000 145
-0.000000 0.000000 147
-0.000000 0.000000 155
0.000000 0.000000 126
0.000000 0.000000 145
-0.000000 0.000000 140
-0.000000 -0.000000 145
-0.000000 0.000000 142
0.000000 -0.000000 145
0.000000 -0.000000 141
0.000000 -0.000000 140
0.000000 0.000000 147
0.000000 -0.000000 137
0.000000 -0.000000 145
-0.000000 0.000000 143
0.000000 -0.000000 134
-0.000000 -0.000000 136
-0.000000 0.000000 145
-0.000000 0.000000 151
-0.000000 0.000000 143
-0.000000 0.000000 145
0.000000 -0.000000 148
0.000000 -0.000000 145
-0.000000 -0.000000 145
0.000000 0.000000 147
-0.000000 -0.000000 147
-0.000000 -0.000000 144
0.000000 0.000000 142
0.000000 0.000000 149
-0.000000 -0.000000 132
-0.000000 -0.000000 139
0.000000 0.000000 143
-0.000000 -0.000000 142
0.000000 -0.000000 139
-0.000000 -0.000000 129
0.000000 -0.000000 137
-0.000000 0.000000 154
0.000000 0.000000 151
-0.000000 -0.000000 139
0.000000 -0.000000 138
-0.000000 -0.000000 140
-0.000000 -0.000000 142
0.000000 0.000000 139
-0.000000 0.000000 143
-0.000000 0.000000 140
-0.000000 -0.000000 145
-0.000000 -0.000000 141
0.000000 0.000000 136
0.000000 -0.000000 141
0.000000 -0.000000 149
0.000000 -0.000000 154
-0.000000 0.000000 140
0.000000 0.000000 139
-0.000000 0.000000 144
0.000000 0.000000 139
-0.000000 -0.000000 141
-0.000000 0.000000 153
-0.000000 0.000000 133
0.000000 -0.000000 144
-0.000000 0.000000 136
-0.000000 0.000000 146
0.000000 -0.000000 155
0.000000 -0.000000 139
0.000000 0.000000 135
-0.000000 -0.000000 158
0.000000 -0.000000 142
-0.000000 0.000000 140
0.000000 0.000000 136
0.000000 -0.000000 133
0.000000 -0.000000 141
0.000000 -0.000000 147
-0.000000 0.000000 151
-0.000000 -0.000000 138
-0.000000 0.000000 146
-0.000000 -0.000000 142
0.000000 0.000000 144
-0.000000 -0.000000 146
-0.000000 0.000000 145
-0.000000 -0.000000 151
0.000000 -0.000000 152
-0.000000 -0.000000 141
0.000000 -0.000000 121
-0.000000 -0.000000 139
-0.000000 -0.000000 137
0.000000 0.000000 136
0.000000 0.000000 141
0.000000 -0.000000 146
0.000000 0.000000 144
0.000000 0.000000 149
-0.000000 -0.000000 147
-0.000000 -0.000000 135
-0.000000 -0.000000 155
0.000000 -0.000000 142
0.000000 -0.000000 150
0.000000 -0.000000 144
-0.000000 -0.000000 140
-0.000000 0.000000 143
0.000000 -0.000000 144
-0.000000 0.000000 146
-0.000000 0.000000 127
-0.000000 -0.000000 136
0.000000 0.000000 153
-0.000000 0.000000 146
-0.000000 -0.000000 150
-0.000000 -0.000000 135
0.000000 -0.000000 143
0.000000 -0.000000 141
-0.000000 0.000000 150
-0.000000 -0.000000 147
0.000000 -0.000000 142
0.000000 -0.000000 133
-0.000000 0.000000 138
0.000000 0.000000 157
-0.000000 -0.000000 137
-0.000000 -0.000000 144
-0.000000 0.000000 133
0.000000 0.000000 149
-0.000000 0.000000 149
-0.000000 -0.000000 139
-0.000000 -0.000000 135
0.000000 0.000000 126
-0.000000 -0.000000 143
-0.000000 0.000000 140
0.000000 -0.000000 154
-0.000000 -0.000000 156
0.000000 -0.000000 149
-0.000000 0.000000 147
-0.000000 0.000000 144
-0.000000 0.000000 153
-0.000000 -0.000000 146
-0.000000 -0.000000 143
-0.000000 0.000000 150
-0.000000 0.000000 158
0.000000 0.000000 139
0.000000 0.000000 131
0.000000 -0.000000 146
0.000000 0.000000 145
-0.000000 -0.000000 132
0.000000 -0.000000 156
-0.000000 -0.000000 155
0.000000 0.000000 154
-0.000000 0.000000 139
0.000000 0.000000 140
0.000000 0.000000 146
0.000000 0.000000 142
0.000000 0.000000 146
-0.000000 0.000000 141
-0.000000 0.000000 143
0.000000 -0.000000 140
-0.000000 -0.000000 150
-0.000000 0.000000 149
-0.000000 -0.000000 147
-0.000000 0.000000 148
-0.000000 0.000000 141
-0.000000 0.000000 146
0.000000 -0.000000 142
0.000000 -0.000000 144
