0.915718 12645 6.089275
2.505226 12143 6.238794
2.675952 13556 6.494994
2.367263 13083 6.255048
4.175329 13165 6.298887
2.447145 16018 7.793905
2.817964 10431 5.201605
2.791124 21553 10.764952
4.234856 11551 5.755529
2.338804 21859 11.164042
2.686912 11227 6.062522
3.290954 13817 6.580072
4.181674 10868 5.361117
2.350453 14966 7.227068
4.162352 17913 8.590026
2.310064 11788 5.614186
2.369914 11942 6.007924
2.848357 10128 5.479336
2.428558 24244 12.803895
4.663413 22798 11.379362
2.215476 13703 6.970009
4.155815 16196 7.773324
2.330903 14097 6.714001
3.348104 28957 13.986473
3.510771 10675 5.174829
2.185083 12361 6.013225
2.728075 11925 5.948337
2.177015 13200 6.302106
2.173906 11034 5.221013
2.317043 12788 6.109651
2.331234 17229 8.509638
1.934126 11696 5.559938
2.312571 11761 5.547221
2.240730 13327 6.798857
2.400504 20902 11.201108
2.290664 10843 5.346347
2.315701 10628 5.083510
1.939898 10564 4.994344
2.340247 18697 9.651636
2.039917 14158 6.875600
4.154339 11039 5.576288
4.155713 12906 6.456476
2.267033 19156 9.306465
2.313570 11293 5.506750
2.178617 11795 5.665500
4.075171 11675 5.801914
1.130470 16423 8.627951
2.631186 21796 11.329732
3.207524 13310 7.270974
2.317272 10845 5.165209
