2.807186 11033 6.497529
1.940582 27348 16.462299
2.315268 16242 8.962972
2.317550 16355 9.223489
3.081392 11414 6.700745
2.316262 10732 5.964563
3.283873 13289 8.062607
4.161574 17305 9.872552
3.951919 31079 18.593246
2.318162 11797 6.807668
2.461452 15049 8.666604
2.318021 10996 6.526332
2.316653 13777 8.106345
2.317954 12872 7.408457
2.772113 11787 6.580924
2.826667 11794 6.535700
2.317410 17232 9.745452
2.855117 12066 6.724409
2.310930 10636 6.164140
2.357755 11942 6.866907
2.826649 11499 6.679238
2.460796 12777 7.142949
2.161615 10660 5.936922
2.820329 11891 6.997460
2.496176 17276 9.791169
2.882689 19071 11.244044
2.815944 11456 6.910870
2.823777 10659 6.172704
0.912350 14463 8.243101
2.413667 11844 6.516139
4.156042 15070 8.929022
4.199597 20117 11.811222
2.862708 11471 6.700091
3.951539 10840 6.019456
0.948854 16681 9.501944
2.354796 11598 6.547253
3.754858 11807 6.920742
4.150072 13033 8.107404
4.922525 10499 6.322562
4.138330 10938 6.390530
2.398735 17162 9.887026
2.307860 13146 7.748738
2.319344 11717 6.802933
4.601779 11969 6.868694
3.185587 20626 11.937793
1.971597 19561 11.616400
2.739685 12410 6.898037
4.158229 11320 6.213407
0.897429 11856 6.630754
3.257320 13584 7.882801
