2.085984 11674 5.724824
3.223433 15183 7.513678
2.258274 10963 5.578770
5.175986 10495 5.275692
2.836675 12508 6.533816
3.237012 10606 5.253149
2.316488 10547 5.011912
2.317093 19753 9.695823
3.561603 10365 5.547724
2.907452 19994 9.476987
2.591782 11999 6.051375
4.553917 10155 5.576299
2.333973 10904 5.685616
2.218040 11151 5.357766
2.319403 31447 16.287500
2.325911 10558 5.329852
2.330484 10611 5.235325
4.202785 11177 5.310256
4.156327 29488 15.532523
2.336933 16305 8.422764
2.314851 10861 5.175331
2.678592 22284 11.285833
2.564765 10987 5.227368
4.878963 10479 5.548524
2.498163 11091 5.272880
4.347872 18049 9.718082
2.927709 16889 8.638333
1.058786 11217 5.354782
2.833623 17438 8.678402
2.177392 11296 6.014731
2.971065 12397 5.890523
3.672290 12652 6.533617
3.210227 11290 5.404333
2.747714 10617 5.089356
2.984481 11089 6.024661
4.201659 15821 7.546082
2.315307 11107 5.358187
2.843627 13952 6.737324
1.597412 12089 6.052889
4.169674 11434 5.481608
3.661692 21310 11.109790
1.903799 11075 5.260597
2.325694 18507 9.233787
2.825534 10372 4.896067
4.182402 11000 5.414594
2.314605 10412 4.946824
2.824785 10430 5.143247
4.085301 11405 5.909603
2.325478 10782 5.119607
2.210390 18430 9.597932
