0.103828,-0.750514,0.001014,-0.435896,-0.864807,0.732897,0.006093,0.329981,-0.876717,0.256900,|0.489539,0.841038,-0.723588,-0.782137,0.359792,-0.390588,0.043781,0.548413,0.436366,0.266800,
-0.023508,-0.689591,0.009451,0.218286,-0.791196,0.658509,0.006093,-0.076732,0.260422,-0.088056,|0.183653,0.108836,0.565117,-0.656937,-0.238002,-0.194945,0.043781,-0.360623,-0.007254,-0.166784,
-0.049227,0.136663,0.000921,0.352168,0.140138,-0.528285,0.006093,-0.270299,0.322958,-0.144179,|0.004769,-0.290293,0.332957,0.776544,-0.534534,0.126269,0.043781,-0.528307,-0.220954,-0.307680,
-0.002548,0.528559,0.006670,0.005403,0.516557,-0.303511,0.006093,0.165690,0.338733,-0.049810,|-0.055132,-0.247667,-0.261364,0.097166,-0.389874,0.272802,0.043781,0.290421,-0.307720,0.246640,
0.002079,-0.187286,0.009370,-0.166978,-0.391456,0.111453,0.006093,0.144178,-0.329353,-0.045266,|0.019218,-0.019363,-0.208479,-0.312293,-0.584437,0.190400,0.043781,0.505756,0.360250,-0.649143,
0.004383,-0.479860,-0.001504,0.190861,0.638518,0.148540,0.000644,-0.034009,0.346880,-0.034905,|0.056229,0.116924,-0.049853,0.553015,0.220883,0.067518,0.022696,0.360198,0.280241,-0.474759,
-0.003134,0.815254,-0.002823,0.105015,0.240095,-0.072822,-0.001399,0.070237,0.505757,0.019314,|0.028441,0.041628,0.124194,0.117338,-0.399838,-0.066670,0.006955,-0.051838,-0.358424,0.245311,
-0.002469,-0.811081,-0.002201,-0.227366,-0.216153,-0.151711,-0.002415,0.094754,0.228461,-0.141217,|-0.027798,-0.126508,-0.134288,-0.266525,-0.665655,-0.023377,-0.000865,-0.241482,-0.065059,-0.026120,
0.003907,-0.307131,-0.001046,0.405780,0.713961,-0.133454,-0.002919,0.034823,-0.342943,-0.039403,|0.055165,-0.056251,-0.189398,0.246932,0.376651,-0.039005,-0.004745,0.057980,0.110813,-0.157509,
-0.006939,0.648163,-0.002014,-0.387566,0.419379,0.152793,-0.001776,-0.065222,0.535910,-0.141698,|0.053694,0.091109,0.204035,0.012262,-0.591895,-0.053614,0.003667,0.127054,0.033181,0.111372,
0.009100,-0.109289,-0.002537,0.252421,-0.324864,0.031416,-0.002271,-0.038154,0.075015,-0.115122,|-0.031120,-0.054787,0.091158,-0.086109,-0.046761,-0.033898,0.003980,-0.106827,-0.103216,-0.039140,
0.000206,-0.331492,-0.002193,-0.345707,-0.614094,-0.077040,-0.002885,0.030672,-0.271742,0.102724,|0.008116,-0.066352,-0.186912,-0.077490,0.263408,0.015651,-0.003386,0.041465,0.020206,-0.061300,
-0.008735,0.099247,-0.001645,0.203996,0.607209,0.072654,-0.002810,0.010264,0.506736,0.182040,|0.016293,-0.041349,-0.171968,0.272918,-0.237630,-0.040094,-0.000974,0.065993,0.014276,0.007723,
0.011835,0.244595,-0.001673,0.122203,0.681912,0.033557,-0.001754,0.017214,0.141077,0.031678,|-0.024289,0.023126,0.138611,0.312412,0.017060,0.006518,0.000439,-0.019471,-0.138984,-0.014406,
-0.009907,0.004549,-0.001624,-0.091574,-0.603214,0.009678,-0.001234,0.006519,-0.139076,-0.108197,|-0.014346,-0.061412,-0.199022,-0.480809,0.025836,0.025401,0.001136,-0.022494,0.044670,-0.024369,
0.001191,-0.117090,-0.001053,0.018208,-0.850540,-0.015875,-0.000977,0.000992,-0.025685,-0.019751,|0.026110,0.005674,0.171673,0.043146,-0.088221,0.008852,0.001480,0.023044,0.091375,0.004393,
0.000588,-0.002623,-0.001493,0.041964,0.496192,-0.018226,-0.001370,-0.004443,0.030522,0.028264,|0.010499,-0.018377,-0.326785,0.264843,-0.004266,-0.003621,0.001259,0.033107,-0.050804,0.013061,
-0.002747,0.054197,-0.001311,0.026769,-0.612209,-0.004422,-0.001375,0.000380,0.033000,-0.047728,|-0.009426,-0.010880,0.457622,-0.031373,-0.022486,0.010719,0.000780,0.001360,-0.065051,0.002592,
0.004193,0.006810,-0.001234,-0.012808,0.443856,0.005093,0.000317,0.002749,0.010156,0.019390,|0.008961,0.009391,0.391146,-0.121918,-0.049293,0.008055,0.000860,-0.014232,-0.044302,-0.001426,
0.002046,-0.023947,0.000160,0.044536,-0.934862,0.003817,0.001147,-0.003080,-0.003750,0.039030,|0.016686,0.009548,0.391146,0.021468,-0.039229,-0.000582,0.000899,0.014367,0.003585,-0.002549,
-0.005111,0.002789,-0.001736,0.016729,0.170949,-0.003422,0.000841,0.001047,-0.010324,0.000485,|-0.001581,0.003907,0.391146,-0.020877,-0.001509,-0.002189,0.000830,-0.012398,0.024303,0.000932,
-0.004808,0.012970,-0.000607,-0.020633,0.523965,0.007841,-0.000239,0.001254,0.012846,-0.018514,|-0.006440,-0.001291,0.391146,-0.019299,0.020590,-0.001713,0.000874,-0.016012,0.007647,0.002562,
0.001525,0.007323,-0.001044,0.017637,0.516485,0.000092,-0.000767,-0.001702,0.012640,0.010306,|0.003577,0.006899,0.391146,0.009664,0.002829,0.000121,0.000896,0.017975,-0.010367,-0.000032,
0.003110,-0.007803,-0.000524,0.005208,-0.757747,-0.003695,0.000011,0.002993,0.003405,-0.001164,|0.005752,0.005492,-0.923465,0.010966,-0.011300,0.001016,0.000761,-0.025599,-0.004359,0.000221,
0.002703,-0.010077,-0.000149,-0.008033,-0.757747,-0.000924,0.000521,-0.000156,-0.018441,-0.002297,|-0.000703,-0.003026,0.963691,0.008737,0.000923,-0.000797,0.000601,0.007900,0.016602,0.000883,
0.002015,0.015030,-0.000083,-0.002572,-0.757747,0.002318,-0.000153,-0.001227,-0.002607,0.004666,|-0.003398,0.001886,0.160615,-0.007741,0.000964,-0.001403,0.000275,0.014768,0.000948,0.000230,
0.002033,-0.016987,-0.000748,0.001045,-0.757747,-0.000819,-0.000087,0.003252,0.009462,-0.003431,|-0.000833,0.003523,-0.442472,-0.012409,-0.001509,0.001315,-0.000108,-0.002085,-0.008228,0.000178,
0.000053,0.024019,-0.001458,-0.000976,-0.757747,-0.000526,-0.000055,-0.005333,0.003371,-0.004902,|0.001373,0.001685,0.277091,0.000885,-0.001872,-0.000516,-0.000294,-0.001492,0.009757,0.000411,
-0.001164,-0.025713,-0.000342,-0.001747,-0.757747,0.001138,-0.000096,0.002123,-0.012667,0.005506,|-0.000187,0.001596,-0.201583,0.006195,-0.001088,-0.000149,-0.000008,0.001736,-0.001889,0.000797,
0.000273,-0.018064,-0.001062,-0.000039,-0.757747,-0.000721,-0.000115,0.001809,0.007932,0.003769,|-0.000596,0.002998,-0.094970,-0.002455,0.001267,0.000589,0.000131,-0.000499,0.000775,-0.000088,
0.000518,0.055757,-0.000705,0.000134,-0.757747,0.000056,-0.000097,-0.001300,-0.000325,-0.001199,|-0.000457,0.001863,0.053667,0.000318,0.000040,0.000282,-0.000176,-0.000739,0.001363,-0.000130,
-0.000144,-0.073107,-0.000257,0.000098,-0.757747,0.000497,-0.000087,0.000073,-0.004196,0.000441,|0.000026,0.001675,-0.119624,0.001296,-0.003545,-0.000323,-0.000109,0.000817,-0.001092,0.000523,
-0.000455,0.033094,-0.001429,-0.000179,-0.757747,-0.000196,-0.000105,0.000593,0.003757,0.000588,|0.000229,0.001466,0.047562,0.000524,0.000152,-0.000385,0.000106,0.001331,0.002577,0.000676,
0.000171,0.046213,-0.001224,0.000466,-0.757747,-0.000058,-0.000106,-0.001254,-0.002794,-0.000360,|-0.000258,0.003935,0.038704,-0.000881,-0.000596,0.000220,0.000027,-0.000085,0.002233,-0.000368,
-0.000180,-0.035337,-0.000015,0.000147,-0.757747,0.000218,-0.000082,0.002104,-0.000887,-0.000610,|0.000296,0.000189,-0.007044,0.000722,-0.000791,0.000257,-0.000081,0.000070,0.000148,-0.000354,
-0.000152,0.015198,0.000494,-0.000450,-0.757747,-0.000042,-0.000100,0.000428,0.000311,-0.000384,|-0.000162,0.000506,-0.023874,0.000558,-0.001818,-0.000101,0.000021,0.001369,-0.001098,0.000170,
-0.000016,-0.006913,-0.000623,0.000568,-0.757747,-0.000202,-0.000102,-0.001422,-0.001048,-0.000252,|-0.000251,0.004035,0.007420,0.000157,-0.000910,-0.000244,-0.000020,0.000815,0.000674,0.000368,
-0.000098,0.006261,0.000897,0.000220,-0.757747,-0.000012,-0.000098,-0.001828,-0.000698,-0.000155,|0.000226,-0.001276,0.008833,-0.000044,-0.000500,0.000278,-0.000013,-0.000386,-0.000557,0.000011,
-0.000162,0.002979,-0.000243,-0.000443,-0.757747,0.000028,-0.000091,0.003627,-0.000322,0.000003,|-0.000142,-0.000292,-0.009554,-0.000083,-0.000381,0.000025,-0.000007,-0.000094,-0.001098,-0.000160,
-0.000029,0.000817,-0.000554,0.000394,-0.757747,0.000046,0.000141,-0.002045,-0.000327,-0.000054,|-0.000083,0.000792,-0.011621,0.000029,-0.001343,-0.000096,0.000050,0.001702,0.001139,0.000228,
0.000101,-0.000433,0.000838,0.000488,-0.757747,0.000017,-0.000152,0.002234,-0.000256,-0.000130,|0.000087,0.000595,-0.002630,0.000042,-0.001961,0.000055,0.000053,-0.001634,-0.000015,-0.000082,
0.000021,-0.000327,0.001492,0.000015,-0.757747,0.000010,0.000044,0.000539,0.000014,0.000079,|-0.000110,-0.000410,0.006253,0.000014,-0.000302,0.000082,-0.000076,0.002691,-0.000497,-0.000152,
-0.000102,-0.000003,-0.000992,-0.000212,-0.757747,0.000037,0.000099,-0.001277,0.000115,-0.000183,|-0.000157,-0.000534,-0.014000,0.000001,0.000614,0.000050,-0.000013,0.003382,0.000534,-0.000025,
-0.000090,0.000062,0.000452,-0.000190,-0.757747,0.000033,-0.000087,-0.000227,-0.000302,0.000016,|-0.000104,0.000559,0.008784,0.000026,-0.000614,0.000007,-0.000084,-0.004629,-0.000532,-0.000013,
0.000054,-0.000196,0.000782,0.000289,-0.757747,0.000000,0.000176,0.000693,-0.000103,0.000111,|0.000110,-0.000176,0.000683,-0.000044,-0.001355,-0.000022,-0.000101,-0.005238,-0.000011,-0.000007,
-0.000011,-0.000213,-0.000538,-0.000034,-0.757747,0.000005,-0.000073,-0.001060,0.000153,-0.000207,|-0.000257,-0.000516,-0.004001,0.000052,-0.000634,-0.000032,0.000090,-0.001548,0.000236,-0.000020,
-0.000031,-0.000172,0.001734,-0.000106,-0.757747,0.000017,-0.000004,-0.000378,0.000175,0.000134,|0.000069,0.000546,0.001490,-0.000062,-0.000331,0.000004,-0.000048,0.001807,0.000198,-0.000010,
-0.000000,-0.000086,-0.001750,0.000010,-0.757747,0.000023,0.000068,0.000513,-0.000296,0.000136,|0.000186,-0.000030,0.001487,0.000058,-0.000604,0.000021,-0.000111,0.002165,-0.000074,0.000015,
0.000005,0.000102,0.000145,0.000072,-0.757747,0.000016,-0.000094,0.000712,-0.000121,-0.000275,|0.000137,-0.000278,-0.001038,0.000061,0.000033,-0.000007,0.000100,-0.003267,-0.000039,-0.000026,
-0.000056,-0.000108,0.001181,-0.000032,-0.757747,0.000012,0.000138,-0.001100,0.000057,0.000317,|-0.000020,0.000194,0.000855,-0.000127,-0.001903,-0.000021,-0.000001,-0.000424,0.000076,-0.000030,
0.000024,0.000029,0.000392,0.000011,-0.757747,0.000021,-0.000242,-0.001034,0.000136,-0.000297,|-0.000076,0.000163,0.001563,0.000156,-0.000835,-0.000001,-0.000129,0.001292,0.000129,0.000016,
-0.000057,-0.000051,0.000222,0.000041,-0.757747,0.000020,-0.000200,0.001551,0.000021,0.000108,|-0.000029,-0.000059,-0.001471,0.000087,-0.000301,0.000001,-0.000109,0.000706,0.000079,-0.000038,
-0.000000,0.000028,-0.000027,0.000026,-0.757747,0.000011,0.000103,0.000993,-0.000039,0.000103,|0.000033,-0.000140,0.000030,-0.000105,-0.000384,-0.000005,0.000080,-0.000828,-0.000023,0.000010,
0.000049,-0.000020,-0.000143,0.000005,-0.757747,0.000007,0.000129,-0.001128,-0.000001,-0.000164,|0.000019,0.000038,0.000677,0.000042,-0.001171,-0.000008,-0.000085,0.000492,-0.000049,-0.000015,
0.000002,-0.000036,0.000203,0.000006,-0.757747,0.000006,-0.000279,0.000157,0.000003,0.000166,|0.000032,0.000079,-0.000363,-0.000023,-0.000512,-0.000010,-0.000071,0.001086,0.000003,-0.000015,
-0.000018,0.000006,-0.000080,0.000004,-0.757747,0.000003,0.000018,0.000635,0.000005,-0.000061,|-0.000005,0.000010,0.000153,-0.000004,-0.000200,0.000017,-0.000041,0.000085,0.000028,-0.000004,
-0.000026,0.000021,-0.000159,0.000002,-0.757747,0.000006,0.000136,-0.000055,0.000001,-0.000072,|-0.000021,-0.000034,0.000049,0.000012,-0.001313,-0.000019,0.000020,-0.000452,-0.000017,-0.000001,
0.000037,-0.000018,0.000070,0.000006,-0.757747,0.000008,0.000025,-0.000299,0.000004,0.000031,|0.000015,-0.000014,-0.000071,-0.000009,-0.001688,-0.000002,-0.000005,-0.000635,-0.000004,-0.000000,
-0.000061,0.000023,-0.000080,0.000000,-0.757747,0.000009,-0.000032,0.000212,0.000004,0.000035,|0.000006,0.000018,0.000020,-0.000002,-0.000891,0.000012,-0.000014,0.000788,0.000010,-0.000001,
0.000009,0.000005,0.000047,-0.000002,-0.757747,0.000001,0.000036,0.000019,-0.000004,0.000003,|-0.000015,0.000025,0.000037,0.000001,0.000635,-0.000020,0.000006,-0.000791,-0.000004,-0.000023,
0.000036,-0.000007,0.000011,0.000005,-0.757747,-0.000004,0.000049,-0.000130,-0.000001,-0.000005,|-0.000008,-0.000047,0.000017,-0.000005,0.000564,0.000013,-0.000002,-0.000929,0.000005,0.000008,
0.000019,0.000019,-0.000024,0.000003,-0.757747,0.000013,0.000007,0.000104,0.000007,-0.000005,|-0.000003,0.000087,-0.000027,-0.000002,-0.003293,-0.000001,-0.000008,0.000019,-0.000001,0.000022,
-0.000020,-0.000001,0.000016,-0.000003,-0.757747,0.000001,-0.000012,0.000055,0.000005,0.000002,|-0.000022,0.000035,0.000043,-0.000000,0.002894,-0.000010,-0.000008,0.000436,-0.000003,0.000011,
0.000037,-0.000003,0.000014,0.000001,-0.757747,0.000002,0.000018,0.000108,-0.000003,-0.000008,|0.000010,-0.000076,-0.000017,-0.000003,-0.000411,-0.000001,-0.000004,-0.000251,0.000004,-0.000012,
-0.000011,0.000014,0.000005,0.000001,-0.757747,0.000000,0.000002,-0.000005,0.000006,-0.000003,|0.000003,0.000061,0.000013,-0.000003,-0.002108,0.000003,0.000000,-0.000079,0.000001,0.000019,
-0.000014,0.000005,-0.000003,0.000002,-0.757747,0.000003,-0.000005,-0.000054,0.000006,0.000004,|-0.000003,0.000077,0.000014,-0.000000,0.000930,-0.000002,0.000003,0.000153,0.000001,-0.000013,
0.000016,0.000001,0.000008,0.000003,-0.757747,0.000002,-0.000006,0.000063,-0.000001,-0.000006,|0.000004,-0.000200,0.000009,0.000001,-0.000685,-0.000001,-0.000001,0.000084,-0.000001,0.000023,
-0.000010,0.000006,-0.000001,-0.000001,-0.757747,-0.000002,0.000000,-0.000007,-0.000003,-0.000010,|0.000004,-0.000073,-0.000006,-0.000001,-0.001853,-0.000000,0.000001,-0.000240,-0.000001,0.000015,
-0.000015,0.000007,-0.000004,-0.000000,-0.757747,0.000007,0.000003,-0.000031,0.000001,-0.000005,|0.000001,0.000197,-0.000012,0.000000,0.001738,0.000000,0.000001,0.000142,0.000002,-0.000006,
-0.000008,-0.000006,0.000006,-0.000000,-0.757747,-0.000007,-0.000001,0.000040,-0.000001,0.000004,|0.000003,-0.000323,0.000016,0.000001,0.000780,0.000001,-0.000001,0.000079,-0.000002,-0.000009,
-0.000003,0.000002,-0.000005,-0.000000,-0.757747,0.000012,-0.000000,-0.000002,-0.000001,0.000001,|0.000003,-0.000236,0.000009,-0.000000,-0.002699,-0.000002,-0.000000,-0.000333,0.000003,0.000004,
0.000001,0.000006,0.000001,-0.000000,-0.757747,-0.000006,0.000000,-0.000024,0.000000,-0.000001,|0.000002,0.000315,-0.000002,-0.000001,-0.000908,-0.000000,-0.000000,0.000466,0.000001,0.000002,
0.000002,0.000008,0.000004,-0.000000,-0.757747,-0.000001,0.000001,0.000023,0.000000,0.000000,|-0.000001,-0.000348,-0.000007,-0.000001,-0.000291,0.000001,0.000000,-0.000099,-0.000002,-0.000003,
0.000000,0.000004,-0.000002,-0.000000,-0.757747,0.000002,0.000001,0.000023,0.000000,-0.000001,|-0.000000,0.000062,-0.000000,0.000000,0.000283,0.000001,-0.000000,-0.000302,0.000003,0.000007,
-0.000000,-0.000000,-0.000003,0.000000,-0.757747,-0.000004,0.000000,-0.000018,-0.000001,0.000000,|0.000001,0.000187,0.000003,0.000000,-0.002495,-0.000001,0.000000,0.000301,-0.000001,-0.000005,
0.000000,0.000005,-0.000002,-0.000000,-0.757747,0.000005,0.000000,0.000003,-0.000000,-0.000001,|-0.000001,-0.000062,-0.000004,-0.000001,-0.000008,0.000002,0.000000,0.000009,-0.000002,0.000004,
0.000000,0.000003,-0.000002,-0.000001,-0.757747,-0.000004,0.000000,0.000008,0.000000,-0.000001,|-0.000001,-0.000060,-0.000000,0.000000,-0.000045,0.000003,0.000000,-0.000133,0.000003,0.000000,
0.000000,0.000000,0.000002,0.000001,-0.757747,0.000004,0.000000,0.000002,-0.000001,0.000001,|0.000001,0.000022,0.000002,-0.000000,-0.001870,0.000000,0.000000,-0.000030,-0.000000,-0.000002,
0.000000,0.000001,-0.000005,-0.000002,-0.757747,-0.000002,0.000000,0.000000,-0.000001,-0.000004,|-0.000002,0.000014,0.000001,-0.000000,0.000548,-0.000001,0.000000,0.000094,-0.000001,0.000002,
0.000000,0.000004,-0.000007,0.000002,-0.757747,0.000000,0.000000,0.000005,0.000001,-0.000001,|-0.000001,-0.000015,-0.000001,0.000000,-0.000135,0.000000,0.000000,-0.000033,0.000002,-0.000002,
0.000000,0.000004,0.000008,-0.000001,-0.757747,0.000001,0.000000,0.000002,-0.000001,0.000001,|0.000003,0.000020,-0.000001,-0.000000,-0.002331,0.000001,0.000000,-0.000015,-0.000002,0.000003,
0.000000,0.000001,-0.000002,-0.000001,-0.757747,-0.000000,0.000000,0.000001,-0.000001,-0.000003,|-0.000001,0.000019,0.000002,0.000000,0.000527,-0.000000,0.000000,0.000026,-0.000002,0.000002,
0.000000,0.000000,-0.000003,0.000000,-0.757747,-0.000001,0.000000,-0.000000,0.000000,0.000002,|-0.000001,-0.000021,0.000001,0.000000,0.000945,-0.000000,0.000000,-0.000012,0.000003,-0.000005,
0.000000,0.000004,0.000001,0.000001,-0.757747,-0.000000,-0.000000,0.000002,-0.000001,0.000001,|0.000000,0.000020,-0.000002,-0.000000,0.000330,0.000000,-0.000000,0.000026,-0.000001,0.000012,
0.000000,0.000006,-0.000001,-0.000001,-0.757747,0.000000,0.000000,0.000003,0.000000,-0.000006,|0.000000,-0.000001,0.000002,0.000000,-0.001015,0.000000,-0.000000,0.000038,0.000000,0.000006,
0.000000,-0.000000,-0.000001,0.000001,-0.757747,-0.000000,0.000000,-0.000002,0.000001,0.000004,|-0.000000,-0.000009,-0.000001,0.000000,-0.002327,-0.000000,0.000000,-0.000036,0.000001,-0.000008,
0.000000,0.000001,-0.000001,0.000001,-0.757747,-0.000000,0.000000,0.000007,0.000000,0.000004,|0.000000,-0.000003,-0.000002,0.000000,0.000603,0.000000,0.000000,0.000042,-0.000001,0.000013,
0.000000,-0.000000,0.000000,-0.000001,-0.757747,-0.000000,0.000000,-0.000008,-0.000000,-0.000010,|-0.000000,0.000001,-0.000001,0.000000,-0.001980,0.000000,-0.000000,0.000024,0.000000,0.000009,
0.000000,-0.000000,0.000001,0.000000,-0.757747,0.000000,0.000000,-0.000005,-0.000000,-0.000012,|0.000000,0.000002,0.000000,0.000000,-0.002613,0.000000,0.000000,-0.000051,0.000000,-0.000020,
0.000000,0.000000,-0.000000,0.000000,-0.757747,0.000000,0.000000,0.000006,0.000000,0.000008,|-0.000000,-0.000002,0.000000,0.000000,0.000867,-0.000000,0.000000,0.000093,-0.000000,0.000005,
-0.000000,0.000000,-0.000000,-0.000000,-0.757747,0.000000,-0.000000,-0.000003,0.000000,0.000010,|-0.000000,-0.000001,0.000000,0.000000,-0.000060,0.000000,-0.000000,-0.000031,-0.000001,0.000007,
0.000000,0.000000,-0.000000,-0.000000,-0.757747,-0.000000,-0.000000,0.000008,-0.000000,-0.000013,|0.000000,0.000001,-0.000000,0.000000,-0.003155,0.000000,-0.000000,-0.000054,-0.000000,-0.000005,
0.000000,0.000000,0.000000,0.000000,-0.757747,0.000000,-0.000000,0.000001,-0.000000,-0.000007,|0.000000,-0.000002,-0.000000,0.000000,0.000622,0.000000,0.000000,0.000053,0.000000,0.000001,
0.000000,0.000000,0.000000,-0.000000,-0.757747,0.000000,0.000000,-0.000003,0.000000,0.000021,|0.000000,-0.000000,-0.000000,0.000000,-0.002689,-0.000000,-0.000000,0.000015,-0.000001,0.000003,
-0.000000,-0.000000,-0.000000,-0.000000,-0.757747,0.000000,0.000000,0.000003,0.000000,0.000005,|-0.000000,0.000001,-0.000000,-0.000000,0.002117,0.000000,-0.000000,-0.000021,0.000000,-0.000002,
0.000000,0.000000,0.000000,0.000000,-0.757747,0.000000,0.000000,0.000001,-0.000000,-0.000014,|-0.000000,-0.000001,0.000000,0.000000,-0.006583,0.000000,0.000000,-0.000016,0.000000,0.000000,
0.000000,0.000000,0.000000,-0.000000,-0.757747,-0.000000,-0.000000,0.000002,-0.000000,-0.000003,|0.000000,-0.000001,-0.000000,0.000000,-0.001507,0.000000,0.000000,0.000048,-0.000000,0.000001,
0.000000,-0.000000,-0.000000,-0.000000,-0.757747,0.000000,0.000000,0.000002,-0.000000,0.000007,|-0.000000,0.000001,-0.000000,0.000000,0.001089,0.000000,-0.000000,-0.000019,-0.000000,0.000000,
0.000000,0.000000,0.000000,0.000000,-0.757747,0.000000,0.000000,-0.000000,0.000000,-0.000004,|0.000000,0.000001,-0.000000,0.000000,-0.003283,0.000000,0.000000,0.000017,0.000000,-0.000000,
0.000000,0.000000,-0.000000,-0.000000,-0.757747,0.000000,-0.000000,0.000000,-0.000000,0.000004,|0.000000,-0.000001,0.000000,-0.000000,-0.000490,-0.000000,0.000000,-0.000010,-0.000000,0.000001,
0.000000,0.000000,-0.000000,-0.000000,-0.757747,0.000000,0.000000,0.000005,0.000000,-0.000005,|0.000000,-0.000001,-0.000000,-0.000000,0.000877,-0.000000,-0.000000,0.000010,-0.000000,-0.000001,
0.000000,0.000000,-0.000000,0.000000,-0.757747,0.000000,0.000000,-0.000002,0.000000,-0.000009,|-0.000000,0.000000,-0.000000,0.000000,-0.001017,-0.000000,-0.000000,0.000007,-0.000000,-0.000001,
0.000000,0.000000,-0.000000,0.000000,-0.757747,0.000000,0.000000,-0.000004,-0.000000,0.000020,|-0.000000,0.000000,-0.000000,-0.000000,-0.001390,-0.000000,0.000000,-0.000001,0.000000,0.000002,
0.000000,0.000000,0.000000,-0.000000,0.735797,-0.000000,0.000000,-0.000004,-0.000000,-0.000010,|0.000000,-0.000000,-0.000000,-0.000000,0.000165,0.000000,0.000000,-0.000004,0.000000,0.000002,
-0.000000,0.000000,0.000000,0.000000,-0.774684,-0.000000,0.000000,0.000002,0.000000,0.000007,|0.000000,-0.000000,0.000000,0.000000,-0.002158,0.000000,-0.000000,0.000004,0.000000,-0.000001,
-0.000000,0.000000,0.000000,0.000000,-0.774684,0.000000,0.000000,-0.000008,0.000000,-0.000006,|-0.000000,0.000000,0.000000,0.000000,-0.002155,0.000000,0.000000,-0.000002,0.000000,-0.000001,
-0.000000,0.000000,-0.000000,-0.000000,-0.774684,0.000000,-0.000000,-0.000007,-0.000000,0.000008,|-0.000000,0.000000,-0.000000,0.000000,0.002247,0.000000,-0.000000,-0.000001,0.000000,0.000002,
-0.000000,0.000000,-0.000000,0.000000,-0.774684,0.000000,-0.000000,-0.000000,-0.000000,-0.000006,|-0.000000,-0.000000,-0.000000,-0.000000,-0.001539,-0.000000,-0.000000,-0.000000,0.000000,0.000000,
0.000000,0.000000,0.000000,0.000000,-0.774684,0.000000,0.000000,0.000003,0.000000,-0.000001,|0.000000,-0.000000,0.000000,0.000000,-0.002955,-0.000000,0.000000,0.000001,-0.000000,-0.000001,
0.000000,-0.000000,0.000000,0.000000,-0.774684,0.000000,0.000000,-0.000002,0.000000,0.000003,|-0.000000,0.000000,0.000000,-0.000000,-0.001858,-0.000000,-0.000000,-0.000001,0.000000,-0.000000,
0.000000,0.000000,-0.000000,0.000000,-0.774684,0.000000,-0.000000,0.000001,-0.000000,-0.000006,|-0.000000,-0.000000,-0.000000,-0.000000,-0.000471,-0.000000,-0.000000,-0.000001,-0.000000,-0.000000,
0.000000,0.000000,-0.000000,-0.000000,0.970778,-0.000000,-0.000000,0.000001,-0.000000,-0.000002,|-0.000000,0.000000,0.000000,-0.000000,0.000037,-0.000000,0.000000,0.000001,-0.000000,-0.000000,
-0.000000,0.000000,0.000000,-0.000000,0.122786,0.000000,-0.000000,-0.000001,-0.000000,0.000005,|0.000000,-0.000000,-0.000000,-0.000000,-0.001337,-0.000000,0.000000,-0.000000,0.000000,-0.000000,
-0.000000,-0.000000,0.000000,-0.000000,-0.473389,0.000000,-0.000000,-0.000000,-0.000000,0.000000,|0.000000,0.000000,0.000000,-0.000000,0.000580,-0.000000,-0.000000,-0.000001,0.000000,-0.000000,
-0.000000,-0.000000,0.000000,-0.000000,-0.318993,-0.000000,-0.000000,-0.000000,0.000000,-0.000002,|0.000000,0.000000,0.000000,0.000000,-0.001151,-0.000000,-0.000000,0.000001,0.000000,-0.000000,
0.000000,0.000000,0.000000,0.000000,0.220018,0.000000,-0.000000,0.000000,0.000000,-0.000000,|-0.000000,-0.000000,-0.000000,0.000000,-0.001784,-0.000000,0.000000,0.000001,0.000000,-0.000000,
0.000000,0.000000,-0.000000,-0.000000,-0.103523,0.000000,-0.000000,-0.000000,0.000000,0.000001,|-0.000000,0.000000,0.000000,0.000000,0.000713,-0.000000,-0.000000,-0.000001,0.000000,0.000000,
-0.000000,-0.000000,-0.000000,0.000000,-0.131496,-0.000000,-0.000000,0.000000,0.000000,0.000001,|-0.000000,0.000000,0.000000,-0.000000,0.000877,-0.000000,-0.000000,-0.000001,0.000000,-0.000000,
-0.000000,-0.000000,0.000000,-0.000000,0.031453,-0.000000,0.000000,-0.000000,0.000000,-0.000000,|0.000000,-0.000000,-0.000000,0.000000,0.000654,0.000000,0.000000,0.000001,0.000000,-0.000000,
0.000000,0.000000,-0.000000,-0.000000,0.089532,0.000000,0.000000,-0.000000,0.000000,-0.000000,|-0.000000,-0.000000,-0.000000,0.000000,0.000218,0.000000,0.000000,0.000001,0.000000,0.000000,
0.000000,0.000000,-0.000000,-0.000000,-0.035791,-0.000000,0.000000,0.000000,0.000000,0.000000,|0.000000,0.000000,0.000000,0.000000,0.000017,-0.000000,0.000000,0.000000,0.000000,-0.000000,
-0.000000,-0.000000,0.000000,0.000000,0.068742,0.000000,0.000000,0.000000,0.000000,0.000000,|-0.000000,-0.000000,0.000000,-0.000000,0.000390,0.000000,-0.000000,-0.000001,0.000000,0.000000,
0.000000,0.000000,-0.000000,0.000000,-0.063385,-0.000000,0.000000,0.000000,0.000000,-0.000000,|-0.000000,-0.000000,0.000000,-0.000000,0.000840,-0.000000,-0.000000,0.000000,-0.000000,0.000000,
0.000000,0.000000,0.000000,0.000000,0.000648,-0.000000,0.000000,0.000000,-0.000000,-0.000000,|-0.000000,0.000000,-0.000000,0.000000,0.000038,-0.000000,0.000000,0.000000,-0.000000,0.000000,
-0.000000,0.000000,0.000000,-0.000000,0.028011,0.000000,-0.000000,0.000000,0.000000,0.000000,|0.000000,-0.000000,-0.000000,-0.000000,-0.000324,-0.000000,-0.000000,-0.000000,0.000000,-0.000000,
0.000000,0.000000,-0.000000,0.000000,-0.004852,0.000000,-0.000000,-0.000000,0.000000,0.000000,|0.000000,-0.000000,0.000000,0.000000,0.000046,0.000000,-0.000000,0.000000,-0.000000,-0.000000,
0.000000,-0.000000,0.000000,0.000000,-0.004203,0.000000,-0.000000,0.000000,0.000000,-0.000000,|-0.000000,0.000000,-0.000000,-0.000000,0.000137,-0.000000,0.000000,-0.000001,-0.000000,0.000000,
-0.000000,0.000000,-0.000000,0.000000,0.007613,-0.000000,-0.000000,0.000000,0.000000,0.000000,|-0.000000,-0.000000,-0.000000,-0.000000,-0.000168,-0.000000,0.000000,-0.000000,-0.000000,0.000000,
0.000000,-0.000000,-0.000000,0.000000,0.002214,-0.000000,-0.000000,-0.000000,0.000000,-0.000000,|0.000000,0.000000,0.000000,0.000000,0.000118,-0.000000,-0.000000,0.000000,0.000000,-0.000000,
0.000000,0.000000,-0.000000,0.000000,-0.007061,0.000000,-0.000000,0.000000,0.000000,-0.000000,|-0.000000,0.000000,-0.000000,0.000000,0.000054,-0.000000,-0.000000,-0.000000,-0.000000,0.000000,
-0.000000,0.000000,0.000000,0.000000,-0.010414,-0.000000,-0.000000,-0.000000,0.000000,0.000000,|-0.000000,-0.000000,-0.000000,0.000000,-0.000095,-0.000000,0.000000,-0.000000,-0.000000,0.000000,
-0.000000,0.000000,0.000000,0.000000,0.000474,0.000000,-0.000000,-0.000000,0.000000,0.000000,|0.000000,-0.000000,0.000000,-0.000000,0.000108,0.000000,0.000000,-0.000000,0.000000,-0.000000,
0.000000,0.000000,0.000000,0.000000,0.004352,0.000000,-0.000000,0.000000,0.000000,0.000000,|0.000000,0.000000,-0.000000,0.000000,0.000040,-0.000000,-0.000000,0.000000,0.000000,0.000000,
-0.000000,-0.000000,-0.000000,0.000000,-0.001992,-0.000000,-0.000000,0.000000,0.000000,-0.000000,|0.000000,0.000000,-0.000000,0.000000,0.000099,-0.000000,0.000000,0.000000,0.000000,0.000000,
-0.000000,-0.000000,-0.000000,0.000000,0.000005,-0.000000,0.000000,-0.000000,0.000000,0.000000,|0.000000,0.000000,0.000000,0.000000,0.000100,0.000000,0.000000,-0.000000,-0.000000,-0.000000,
0.000000,0.000000,-0.000000,0.000000,0.000841,0.000000,-0.000000,-0.000000,0.000000,0.000000,|-0.000000,-0.000000,0.000000,-0.000000,-0.000001,0.000000,0.000000,-0.000000,-0.000000,0.000000,
-0.000000,0.000000,-0.000000,0.000000,-0.000719,0.000000,0.000000,0.000000,0.000000,0.000000,|-0.000000,-0.000000,-0.000000,-0.000000,0.000075,0.000000,-0.000000,0.000000,0.000000,0.000000,
-0.000000,-0.000000,0.000000,0.000000,0.001064,-0.000000,0.000000,-0.000000,-0.000000,-0.000000,|-0.000000,-0.000000,-0.000000,-0.000000,0.000071,-0.000000,-0.000000,-0.000000,-0.000000,-0.000000,
-0.000000,-0.000000,-0.000000,-0.000000,0.000109,-0.000000,0.000000,-0.000000,0.000000,0.000000,|-0.000000,0.000000,-0.000000,-0.000000,-0.000019,-0.000000,0.000000,0.000000,-0.000000,0.000000,
0.000000,-0.000000,0.000000,-0.000000,-0.000486,0.000000,-0.000000,0.000000,0.000000,0.000000,|-0.000000,0.000000,-0.000000,-0.000000,0.000109,-0.000000,0.000000,0.000000,-0.000000,0.000000,
-0.000000,0.000000,0.000000,-0.000000,0.000226,-0.000000,-0.000000,-0.000000,-0.000000,0.000000,|-0.000000,0.000000,0.000000,-0.000000,0.000106,-0.000000,-0.000000,0.000000,-0.000000,0.000000,
0.000000,-0.000000,0.000000,-0.000000,0.000344,-0.000000,-0.000000,-0.000000,0.000000,0.000000,|-0.000000,0.000000,-0.000000,-0.000000,-0.000108,0.000000,-0.000000,-0.000000,-0.000000,-0.000000,
0.000000,-0.000000,-0.000000,-0.000000,-0.000540,0.000000,0.000000,0.000000,-0.000000,-0.000000,|-0.000000,0.000000,-0.000000,-0.000000,-0.000175,-0.000000,-0.000000,0.000000,-0.000000,-0.000000,
-0.000000,0.000000,-0.000000,0.000000,0.000067,-0.000000,0.000000,-0.000000,-0.000000,-0.000000,|-0.000000,0.000000,-0.000000,-0.000000,-0.000038,-0.000000,-0.000000,-0.000000,-0.000000,0.000000,
0.000000,0.000000,0.000000,0.000000,0.000239,-0.000000,-0.000000,-0.000000,-0.000000,-0.000000,|-0.000000,-0.000000,-0.000000,-0.000000,0.000023,-0.000000,0.000000,-0.000000,-0.000000,0.000000,
-0.000000,-0.000000,-0.000000,-0.000000,-0.000138,0.000000,-0.000000,-0.000000,0.000000,-0.000000,|0.000000,0.000000,-0.000000,-0.000000,0.000029,0.000000,0.000000,0.000000,-0.000000,0.000000,
-0.000000,-0.000000,-0.000000,-0.000000,0.000328,0.000000,0.000000,-0.000000,0.000000,0.000000,|-0.000000,0.000000,-0.000000,-0.000000,-0.000073,0.000000,-0.000000,-0.000000,-0.000000,-0.000000,
0.000000,0.000000,0.000000,-0.000000,-0.000138,-0.000000,0.000000,-0.000000,0.000000,-0.000000,|0.000000,-0.000000,-0.000000,-0.000000,-0.000019,-0.000000,-0.000000,-0.000000,-0.000000,0.000000,
0.000000,0.000000,-0.000000,0.000000,0.000045,0.000000,0.000000,-0.000000,0.000000,-0.000000,|-0.000000,-0.000000,-0.000000,-0.000000,-0.000019,0.000000,0.000000,0.000000,-0.000000,-0.000000,
-0.000000,0.000000,0.000000,0.000000,0.000033,-0.000000,-0.000000,-0.000000,0.000000,0.000000,|-0.000000,0.000000,-0.000000,-0.000000,0.000013,0.000000,0.000000,0.000000,-0.000000,0.000000,
-0.000000,-0.000000,-0.000000,0.000000,-0.000020,-0.000000,-0.000000,0.000000,0.000000,-0.000000,|-0.000000,0.000000,-0.000000,-0.000000,0.000025,-0.000000,0.000000,-0.000000,-0.000000,0.000000,
-0.000000,0.000000,0.000000,0.000000,-0.000010,0.000000,-0.000000,-0.000000,0.000000,-0.000000,|-0.000000,0.000000,-0.000000,-0.000000,0.000015,0.000000,0.000000,-0.000000,-0.000000,-0.000000,
0.000000,0.000000,-0.000000,-0.000000,0.000011,-0.000000,-0.000000,0.000000,-0.000000,0.000000,|-0.000000,0.000000,-0.000000,-0.000000,0.000001,-0.000000,-0.000000,0.000000,-0.000000,0.000000,
0.000000,-0.000000,-0.000000,0.000000,0.000004,-0.000000,-0.000000,-0.000000,0.000000,0.000000,|-0.000000,-0.000000,-0.000000,-0.000000,-0.000006,-0.000000,-0.000000,0.000000,-0.000000,-0.000000,
-0.000000,0.000000,-0.000000,-0.000000,-0.000003,0.000000,-0.000000,-0.000000,-0.000000,-0.000000,|-0.000000,0.000000,0.000000,-0.000000,-0.000001,-0.000000,-0.000000,-0.000000,-0.000000,-0.000000,
0.000000,0.000000,0.000000,0.000000,-0.000001,0.000000,0.000000,0.000000,0.000000,0.000000,|-0.000000,-0.000000,0.000000,-0.000000,0.000002,-0.000000,-0.000000,-0.000000,-0.000000,-0.000000,
-0.000000,-0.000000,0.000000,0.000000,0.000000,-0.000000,0.000000,-0.000000,0.000000,0.000000,|0.000000,-0.000000,0.000000,0.000000,0.000002,0.000000,0.000000,0.000000,0.000000,0.000000,
0.000000,0.000000,0.000000,-0.000000,0.000001,0.000000,-0.000000,-0.000000,-0.000000,-0.000000,|-0.000000,-0.000000,0.000000,-0.000000,0.000001,0.000000,0.000000,0.000000,0.000000,0.000000,
0.000000,0.000000,-0.000000,0.000000,0.000001,0.000000,-0.000000,0.000000,-0.000000,0.000000,|-0.000000,0.000000,-0.000000,-0.000000,-0.000001,-0.000000,0.000000,-0.000000,0.000000,-0.000000,
-0.000000,-0.000000,-0.000000,0.000000,0.000000,-0.000000,0.000000,-0.000000,0.000000,0.000000,|-0.000000,0.000000,0.000000,-0.000000,0.000002,-0.000000,-0.000000,0.000000,0.000000,-0.000000,
-0.000000,-0.000000,0.000000,-0.000000,0.000001,0.000000,0.000000,0.000000,-0.000000,-0.000000,|-0.000000,-0.000000,-0.000000,-0.000000,-0.000001,-0.000000,-0.000000,-0.000000,-0.000000,-0.000000,
0.000000,0.000000,0.000000,0.000000,0.000001,-0.000000,0.000000,-0.000000,0.000000,0.000000,|0.000000,0.000000,0.000000,-0.000000,0.000004,-0.000000,-0.000000,0.000000,0.000000,-0.000000,
-0.000000,-0.000000,0.000000,0.000000,-0.000001,0.000000,0.000000,-0.000000,-0.000000,-0.000000,|0.000000,-0.000000,0.000000,-0.000000,-0.000001,-0.000000,0.000000,0.000000,0.000000,-0.000000,
0.000000,0.000000,0.000000,-0.000000,-0.000000,-0.000000,0.000000,0.000000,-0.000000,0.000000,|-0.000000,-0.000000,0.000000,0.000000,-0.000000,-0.000000,0.000000,-0.000000,0.000000,-0.000000,
-0.000000,0.000000,-0.000000,-0.000000,0.000001,0.000000,0.000000,-0.000000,0.000000,0.000000,|0.000000,0.000000,-0.000000,0.000000,0.000000,-0.000000,0.000000,-0.000000,0.000000,-0.000000,
-0.000000,-0.000000,0.000000,0.000000,-0.000001,0.000000,-0.000000,-0.000000,-0.000000,-0.000000,|-0.000000,0.000000,0.000000,0.000000,-0.000001,-0.000000,-0.000000,0.000000,0.000000,0.000000,
-0.000000,-0.000000,-0.000000,-0.000000,-0.000000,-0.000000,-0.000000,0.000000,0.000000,0.000000,|-0.000000,0.000000,-0.000000,-0.000000,0.000001,-0.000000,0.000000,0.000000,0.000000,0.000000,
0.000000,0.000000,0.000000,-0.000000,0.000000,0.000000,-0.000000,-0.000000,0.000000,0.000000,|0.000000,-0.000000,0.000000,-0.000000,-0.000001,-0.000000,-0.000000,0.000000,0.000000,-0.000000,
-0.000000,0.000000,0.000000,0.000000,-0.000000,0.000000,-0.000000,0.000000,-0.000000,0.000000,|-0.000000,-0.000000,0.000000,0.000000,-0.000000,-0.000000,-0.000000,-0.000000,0.000000,0.000000,
0.000000,-0.000000,0.000000,0.000000,-0.000000,-0.000000,0.000000,0.000000,0.000000,0.000000,|0.000000,-0.000000,-0.000000,0.000000,0.000000,-0.000000,-0.000000,-0.000000,0.000000,0.000000,
-0.000000,-0.000000,0.000000,0.000000,-0.000000,-0.000000,-0.000000,0.000000,0.000000,-0.000000,|-0.000000,0.000000,-0.000000,0.000000,0.000000,-0.000000,-0.000000,0.000000,0.000000,-0.000000,
-0.000000,0.000000,-0.000000,-0.000000,0.000000,0.000000,-0.000000,-0.000000,-0.000000,0.000000,|-0.000000,0.000000,-0.000000,-0.000000,-0.000000,-0.000000,0.000000,0.000000,0.000000,0.000000,
-0.000000,0.000000,-0.000000,-0.000000,0.000000,-0.000000,0.000000,0.000000,-0.000000,0.000000,|0.000000,-0.000000,-0.000000,0.000000,-0.000000,-0.000000,-0.000000,-0.000000,0.000000,0.000000,
0.000000,-0.000000,-0.000000,0.000000,-0.000000,0.000000,0.000000,0.000000,0.000000,-0.000000,|0.000000,-0.000000,-0.000000,0.000000,-0.000000,0.000000,0.000000,-0.000000,0.000000,0.000000,
0.000000,0.000000,-0.000000,-0.000000,-0.000000,-0.000000,-0.000000,0.000000,-0.000000,-0.000000,|-0.000000,0.000000,-0.000000,-0.000000,-0.000000,0.000000,0.000000,0.000000,0.000000,-0.000000,
-0.000000,-0.000000,-0.000000,0.000000,-0.000000,-0.000000,0.000000,-0.000000,-0.000000,0.000000,|0.000000,0.000000,0.000000,0.000000,0.000000,-0.000000,-0.000000,-0.000000,0.000000,-0.000000,
-0.000000,-0.000000,-0.000000,0.000000,0.000000,0.000000,0.000000,0.000000,0.000000,0.000000,|0.000000,-0.000000,-0.000000,-0.000000,-0.000000,-0.000000,0.000000,-0.000000,-0.000000,0.000000,
0.000000,0.000000,-0.000000,-0.000000,0.000000,-0.000000,-0.000000,-0.000000,-0.000000,0.000000,|-0.000000,0.000000,-0.000000,0.000000,-0.000000,0.000000,-0.000000,-0.000000,0.000000,0.000000,
-0.000000,0.000000,-0.000000,0.000000,-0.000000,-0.000000,0.000000,0.000000,-0.000000,-0.000000,|0.000000,-0.000000,-0.000000,-0.000000,-0.000000,0.000000,0.000000,-0.000000,0.000000,-0.000000,
-0.000000,-0.000000,-0.000000,-0.000000,0.000000,0.000000,-0.000000,0.000000,0.000000,-0.000000,|-0.000000,-0.000000,-0.000000,-0.000000,-0.000000,-0.000000,-0.000000,-0.000000,0.000000,-0.000000,
-0.000000,0.000000,-0.000000,0.000000,-0.000000,0.000000,0.000000,-0.000000,0.000000,0.000000,|-0.000000,0.000000,0.000000,0.000000,0.000000,-0.000000,-0.000000,0.000000,0.000000,0.000000,
-0.000000,0.000000,-0.000000,0.000000,-0.000000,-0.000000,-0.000000,-0.000000,0.000000,0.000000,|0.000000,-0.000000,-0.000000,-0.000000,0.000000,0.000000,-0.000000,-0.000000,-0.000000,0.000000,
-0.000000,-0.000000,-0.000000,-0.000000,0.000000,-0.000000,-0.000000,0.000000,-0.000000,-0.000000,|0.000000,-0.000000,-0.000000,-0.000000,0.000000,0.000000,0.000000,0.000000,-0.000000,-0.000000,
-0.000000,0.000000,-0.000000,0.000000,0.000000,-0.000000,-0.000000,0.000000,0.000000,0.000000,|-0.000000,-0.000000,-0.000000,0.000000,-0.000000,0.000000,0.000000,-0.000000,-0.000000,0.000000,
-0.000000,0.000000,-0.000000,-0.000000,-0.000000,0.000000,0.000000,-0.000000,-0.000000,-0.000000,|0.000000,0.000000,-0.000000,-0.000000,-0.000000,-0.000000,-0.000000,-0.000000,0.000000,-0.000000,
0.000000,-0.000000,-0.000000,-0.000000,0.000000,0.000000,-0.000000,0.000000,-0.000000,-0.000000,|0.000000,0.000000,-0.000000,0.000000,0.000000,0.000000,-0.000000,0.000000,-0.000000,-0.000000,
-0.000000,-0.000000,-0.000000,0.000000,0.000000,-0.000000,-0.000000,-0.000000,0.000000,0.000000,|0.000000,-0.000000,-0.000000,0.000000,0.000000,-0.000000,0.000000,0.000000,0.000000,0.000000,
0.000000,0.000000,-0.000000,-0.000000,0.000000,0.000000,0.000000,-0.000000,-0.000000,-0.000000,|-0.000000,-0.000000,-0.000000,-0.000000,-0.000000,0.000000,0.000000,-0.000000,-0.000000,-0.000000,
-0.000000,0.000000,-0.000000,0.000000,0.000000,-0.000000,-0.000000,-0.000000,-0.000000,-0.000000,|-0.000000,0.000000,0.000000,0.000000,0.000000,0.000000,-0.000000,0.000000,-0.000000,-0.000000,
-0.000000,-0.000000,0.000000,-0.000000,-0.000000,-0.000000,-0.000000,-0.000000,0.000000,0.000000,|0.000000,-0.000000,-0.000000,0.000000,0.000000,-0.000000,-0.000000,0.000000,0.000000,0.000000,
-0.000000,0.000000,-0.000000,-0.000000,-0.000000,-0.000000,0.000000,0.000000,-0.000000,-0.000000,|-0.000000,0.000000,-0.000000,-0.000000,-0.000000,0.000000,-0.000000,-0.000000,0.000000,-0.000000,
0.000000,0.000000,-0.000000,-0.000000,0.000000,0.000000,-0.000000,-0.000000,0.000000,-0.000000,|-0.000000,0.000000,0.000000,0.000000,0.000000,-0.000000,-0.000000,0.000000,-0.000000,-0.000000,
-0.000000,-0.000000,-0.000000,-0.000000,0.000000,-0.000000,-0.000000,-0.000000,-0.000000,0.000000,|-0.000000,-0.000000,0.000000,-0.000000,-0.000000,-0.000000,-0.000000,-0.000000,-0.000000,0.000000,
-0.000000,-0.000000,-0.000000,-0.000000,-0.000000,-0.000000,0.000000,0.000000,-0.000000,-0.000000,|0.000000,0.000000,-0.000000,0.000000,0.000000,-0.000000,-0.000000,-0.000000,-0.000000,-0.000000,
0.000000,-0.000000,-0.000000,-0.000000,-0.000000,0.000000,-0.000000,0.000000,-0.000000,0.000000,|-0.000000,-0.000000,-0.000000,0.000000,0.000000,-0.000000,-0.000000,0.000000,-0.000000,-0.000000,
-0.000000,0.000000,-0.000000,0.000000,0.000000,0.000000,-0.000000,0.000000,-0.000000,0.000000,|0.000000,-0.000000,0.000000,-0.000000,0.000000,-0.000000,-0.000000,-0.000000,-0.000000,0.000000,
-0.000000,0.000000,-0.000000,-0.000000,0.000000,-0.000000,-0.000000,-0.000000,-0.000000,-0.000000,|-0.000000,0.000000,0.000000,-0.000000,-0.000000,-0.000000,-0.000000,-0.000000,-0.000000,-0.000000,
0.000000,-0.000000,-0.000000,0.000000,-0.000000,-0.000000,-0.000000,0.000000,0.000000,0.000000,|0.000000,-0.000000,-0.000000,0.000000,-0.000000,-0.000000,-0.000000,-0.000000,-0.000000,-0.000000,
-0.000000,-0.000000,-0.000000,-0.000000,0.000000,0.000000,-0.000000,-0.000000,-0.000000,-0.000000,|0.000000,-0.000000,-0.000000,-0.000000,0.000000,-0.000000,-0.000000,0.000000,-0.000000,-0.000000,
-0.000000,-0.000000,-0.000000,-0.000000,0.000000,0.000000,-0.000000,-0.000000,-0.000000,0.000000,|-0.000000,0.000000,-0.000000,-0.000000,-0.000000,-0.000000,-0.000000,0.000000,-0.000000,-0.000000,
-0.000000,-0.000000,-0.000000,-0.000000,-0.000000,-0.000000,-0.000000,-0.000000,-0.000000,-0.000000,|-0.000000,0.000000,0.000000,0.000000,-0.000000,-0.000000,-0.000000,-0.000000,-0.000000,-0.000000,
-0.000000,-0.000000,-0.000000,0.000000,0.000000,-0.000000,-0.000000,-0.000000,-0.000000,0.000000,|0.000000,0.000000,-0.000000,-0.000000,0.000000,-0.000000,-0.000000,0.000000,-0.000000,-0.000000,
-0.000000,-0.000000,-0.000000,0.000000,0.000000,0.000000,-0.000000,-0.000000,-0.000000,0.000000,|0.000000,0.000000,-0.000000,-0.000000,0.000000,-0.000000,-0.000000,-0.000000,-0.000000,0.000000,
-0.000000,0.000000,-0.000000,-0.000000,0.000000,-0.000000,-0.000000,-0.000000,-0.000000,-0.000000,|-0.000000,-0.000000,-0.000000,-0.000000,-0.000000,-0.000000,-0.000000,0.000000,-0.000000,-0.000000,
0.000000,-0.000000,-0.000000,-0.000000,-0.000000,-0.000000,-0.000000,-0.000000,-0.000000,-0.000000,|0.000000,-0.000000,-0.000000,-0.000000,-0.000000,-0.000000,-0.000000,-0.000000,-0.000000,0.000000,
