1.000023 1.000046 618
1.000004 1.000008 465
1.000324 1.000650 597
0.999982 0.999965 465
0.999953 0.999905 474
0.999845 0.999689 329
1.000009 1.000018 448
1.000560 1.001121 638
0.999983 0.999965 292
1.000004 1.000007 537
0.999997 0.999994 345
1.000000 1.000001 297
1.000017 1.000033 516
0.999919 0.999838 541
1.000000 0.999999 559
1.000040 1.000079 444
1.000076 1.000152 330
0.999995 0.999989 436
1.000004 1.000008 569
0.999987 0.999974 275
0.999925 0.999849 353
0.999853 0.999700 690
1.000018 1.000035 596
1.000022 1.000044 466
0.999499 0.998995 683
0.999996 0.999992 455
0.999999 0.999997 428
0.999909 0.999817 515
1.000009 1.000018 481
1.000002 1.000004 415
0.999999 0.999998 559
0.999999 0.999997 440
1.000011 1.000023 577
0.996311 0.992617 677
0.999937 0.999874 583
0.999825 0.999651 409
1.000007 1.000013 416
0.999953 0.999905 635
1.000001 1.000001 354
1.000017 1.000034 494
1.005410 1.010865 608
0.999967 0.999933 549
1.000000 1.000000 502
0.999970 0.999940 287
0.999992 0.999983 399
0.999975 0.999950 510
1.000071 1.000140 667
0.999998 0.999996 466
1.000925 1.001856 666
0.999590 0.999179 673
1.000052 1.000105 509
0.999257 0.998515 542
1.000692 1.001384 657
1.000546 1.001114 634
0.999967 0.999933 209
0.999939 0.999878 379
0.999854 0.999706 571
0.999989 0.999978 416
1.000003 1.000005 439
0.999987 0.999976 457
1.000022 1.000044 426
0.999985 0.999968 463
0.999786 0.999572 588
1.000006 1.000012 443
1.000295 1.000589 472
1.000004 1.000008 387
0.999992 0.999983 438
1.000014 1.000028 378
1.000019 1.000038 418
1.000012 1.000024 583
1.000013 1.000027 510
1.000096 1.000192 536
0.999716 0.999431 566
1.000042 1.000084 522
1.000003 1.000007 338
0.999997 0.999994 387
1.000222 1.000444 658
0.997435 0.994877 568
1.000000 1.000000 550
0.999717 0.999435 629
0.999252 0.998503 643
0.999984 0.999968 311
0.999777 0.999555 448
1.000049 1.000099 314
1.000112 1.000224 338
0.999995 0.999991 416
1.000023 1.000046 442
0.999999 0.999998 490
0.999590 0.999199 625
1.000010 1.000019 416
1.000017 1.000034 510
1.000381 1.000762 574
1.000303 1.000607 544
1.000111 1.000222 525
1.000004 1.000008 280
0.999946 0.999893 592
1.000061 1.000121 398
1.000019 1.000037 438
1.000059 1.000118 398
0.999936 0.999874 479
1.000184 1.000369 671
1.000002 1.000004 436
0.999971 0.999942 516
0.999994 0.999988 440
0.999993 0.999986 614
1.000010 1.000021 275
1.000015 1.000030 413
1.000003 1.000006 264
0.999791 0.999581 625
1.000125 1.000250 511
0.999985 0.999969 374
1.000125 1.000244 641
0.999971 0.999939 638
1.000258 1.000522 649
0.999993 0.999986 387
0.999981 0.999962 465
1.000010 1.000019 431
0.999991 0.999985 538
1.000046 1.000091 522
1.000026 1.000053 438
0.999979 0.999958 358
1.000151 1.000302 530
0.999837 0.999673 535
0.999947 0.999894 326
0.999946 0.999891 478
0.999041 0.998077 295
1.000027 1.000056 516
0.999859 0.999718 614
1.000051 1.000103 688
1.000091 1.000182 360
1.000055 1.000113 632
0.999846 0.999692 590
0.999997 0.999993 456
0.998732 0.997465 613
1.000011 1.000021 334
0.999984 0.999968 686
1.000000 1.000001 504
0.999980 0.999955 655
0.999984 0.999968 581
1.000003 1.000007 382
0.999519 0.999047 667
0.999984 0.999968 557
0.999999 0.999998 444
1.000031 1.000063 393
1.000430 1.000867 694
0.999999 0.999997 357
0.999443 0.998892 644
0.999951 0.999902 311
0.999852 0.999703 597
0.999967 0.999933 378
0.999766 0.999531 644
0.999979 0.999959 543
1.004246 1.008550 681
0.994037 0.988086 560
1.000022 1.000044 334
0.999998 0.999995 420
1.000136 1.000272 560
0.999995 0.999990 394
0.999998 0.999997 502
0.999997 0.999993 198
1.000043 1.000086 528
1.000072 1.000144 374
0.999940 0.999880 427
1.000068 1.000137 597
1.000139 1.000292 665
0.999998 0.999997 354
0.999977 0.999955 470
0.996593 0.993197 455
1.000076 1.000153 322
1.000539 1.001082 568
0.999983 0.999966 356
0.999975 0.999950 336
0.999982 0.999964 507
0.997280 0.994580 693
0.999958 0.999916 520
1.000638 1.001277 598
0.999885 0.999769 366
1.000022 1.000044 425
1.000180 1.000360 461
0.991278 0.982589 622
1.000005 1.000011 447
0.999988 0.999975 336
0.999188 0.998378 667
0.999922 0.999843 365
0.999845 0.999694 645
0.999931 0.999860 558
0.999752 0.999630 657
0.999965 0.999929 381
0.999955 0.999910 494
0.999983 0.999967 527
1.000019 1.000039 594
0.999948 0.999896 363
1.000171 1.000343 612
1.000034 1.000068 405
0.999973 0.999949 404
0.997217 0.994442 651
0.999612 0.999222 682
1.000003 1.000007 440
1.000201 1.000402 213
0.999995 0.999991 484
1.000191 1.000375 714
0.999862 0.999725 590
1.000001 1.000003 539
1.000004 1.000009 587
1.000007 1.000014 272
0.999827 0.999653 519
0.999610 0.999220 634
1.000024 1.000048 509
0.999092 0.998184 649
1.000036 1.000072 472
0.999996 0.999992 446
0.999997 0.999993 337
1.000369 1.000738 444
0.999953 0.999906 445
1.000009 1.000018 467
1.000028 1.000056 368
0.999998 0.999997 452
1.000013 1.000027 379
1.000013 1.000026 502
0.999949 0.999898 485
0.999998 0.999996 451
1.000006 1.000011 447
0.999993 0.999985 472
0.999900 0.999800 500
0.999951 0.999903 214
1.000030 1.000059 372
0.999808 0.999614 615
0.999985 0.999969 509
1.000003 1.000007 359
0.998823 0.997648 637
0.999992 0.999983 401
0.999926 0.999852 547
1.000071 1.000142 591
1.000000 1.000001 393
0.999995 0.999991 336
1.000002 1.000004 433
1.000020 1.000040 389
1.000008 1.000016 418
0.997088 0.994174 619
1.000027 1.000050 629
0.999768 0.999536 594
1.000282 1.000563 634
0.999968 0.999935 450
1.000005 1.000010 416
1.000024 1.000049 454
1.000004 1.000008 475
1.000468 1.000937 696
0.999979 0.999957 400
1.000105 1.000193 626
0.991693 0.983456 710
0.999999 0.999997 329
1.000010 1.000019 561
1.000010 1.000021 298
0.999993 0.999987 665
1.000015 1.000031 458
0.999979 0.999959 347
0.999961 0.999922 588
1.000037 1.000074 457
1.000091 1.000182 599
0.999555 0.999076 651
1.000022 1.000044 518
0.999999 0.999998 628
1.000521 1.001044 153
0.999940 0.999878 249
1.000029 1.000058 583
0.995104 0.990228 703
1.000079 1.000158 491
1.000022 1.000044 435
0.999866 0.999732 459
0.999989 0.999979 224
0.999913 0.999826 407
0.999901 0.999801 624
1.000108 1.000218 530
1.000013 1.000027 356
0.999993 0.999987 348
0.996770 0.993551 706
1.000025 1.000055 631
1.004441 1.008923 682
1.000192 1.000382 627
1.000024 1.000048 432
1.000017 1.000033 399
0.999955 0.999911 401
1.000088 1.000177 459
1.000605 1.001212 621
0.999803 0.999594 652
0.999958 0.999918 616
1.000022 1.000044 262
0.999916 0.999837 632
0.999946 0.999892 310
1.000010 1.000021 436
1.000003 1.000005 616
0.999998 0.999998 361
0.998425 0.996861 763
0.999986 0.999972 370
0.999975 0.999950 570
0.999941 0.999882 594
1.000001 1.000003 494
1.000016 1.000032 437
0.999996 0.999993 486
0.993694 0.987428 663
0.999677 0.999352 663
0.999945 0.999889 594
1.000018 1.000036 402
1.000033 1.000067 647
0.998891 0.997812 704
1.000121 1.000242 528
1.000256 1.000512 487
1.000204 1.000407 542
1.000021 1.000042 535
0.999689 0.999376 653
0.999949 0.999899 435
1.000012 1.000024 310
1.000001 1.000001 477
0.999983 0.999967 510
0.999983 0.999966 566
1.000019 1.000038 443
0.998221 0.996437 669
1.000036 1.000073 472
0.999941 0.999881 489
0.999992 0.999984 377
0.999996 0.999993 452
1.000064 1.000128 573
1.000235 1.000472 403
1.000010 1.000021 388
0.999988 0.999977 346
1.000016 1.000033 473
1.000016 1.000032 533
0.999558 0.999194 690
0.999905 0.999810 484
0.999974 0.999947 477
1.000058 1.000116 396
0.999328 0.998854 708
0.999126 0.998189 654
0.999983 0.999966 565
1.000218 1.000437 530
1.000018 1.000037 638
0.999588 0.999191 726
0.999993 0.999986 411
1.000017 1.000029 554
1.000011 1.000021 428
0.999917 0.999833 510
0.999916 0.999831 363
0.999999 0.999996 535
0.999493 0.998986 658
0.999998 0.999996 358
1.000006 1.000012 569
0.999988 0.999975 450
0.999977 0.999953 386
1.012693 1.025611 567
0.999914 0.999807 670
0.999947 0.999894 634
0.999141 0.998284 672
1.000004 1.000008 501
1.000038 1.000075 636
1.000041 1.000082 394
1.000069 1.000139 482
1.000035 1.000071 455
0.999965 0.999931 428
1.000020 1.000041 510
1.000513 1.001029 648
0.998919 0.997857 665
0.999976 0.999952 276
0.999979 0.999957 467
0.999987 0.999974 394
0.999959 0.999918 438
0.999801 0.999268 694
0.999851 0.999701 305
0.998759 0.997459 651
1.000400 1.000801 692
0.999889 0.999778 355
0.999706 0.999403 702
0.999610 0.999219 643
0.999921 0.999861 538
0.999846 0.999748 606
0.999918 0.999835 583
0.999990 0.999980 289
0.999207 0.998394 700
0.999850 0.999701 538
1.000279 1.000559 485
0.998187 0.996281 696
0.999984 0.999968 502
1.000217 1.000435 375
1.000062 1.000117 694
0.999812 0.999623 585
1.000109 1.000219 532
1.000006 1.000012 473
0.999973 0.999946 338
0.999993 0.999986 440
1.000019 1.000038 449
1.000206 1.000408 302
1.000046 1.000093 506
0.999997 0.999995 295
1.000231 1.000463 626
0.999989 0.999979 378
1.000023 1.000044 396
0.999993 0.999987 288
1.000139 1.000277 402
0.999944 0.999887 412
0.999875 0.999750 642
0.999600 0.999200 619
1.000021 1.000041 549
0.999876 0.999752 416
1.000025 1.000051 562
0.999985 0.999970 295
0.999941 0.999881 521
1.003142 1.006296 175
1.000116 1.000235 596
0.999932 0.999864 646
0.999892 0.999783 439
1.000355 1.000710 558
0.999828 0.999656 659
0.999878 0.999769 613
1.000059 1.000118 444
1.000041 1.000081 355
0.999756 0.999515 669
1.000000 1.000000 393
1.000016 1.000032 325
0.999934 0.999867 588
0.999985 0.999971 447
1.000108 1.000215 351
1.000117 1.000232 646
1.000401 1.000803 164
0.999869 0.999738 281
0.999547 0.999095 532
0.999986 0.999972 507
0.999945 0.999890 569
1.001186 1.002374 675
1.000037 1.000075 314
0.999864 0.999728 385
1.000039 1.000073 656
1.000010 1.000020 469
0.999998 0.999996 546
1.000066 1.000133 604
1.000653 1.001306 626
0.995349 0.990696 595
1.000033 1.000066 428
0.999991 0.999983 441
0.999972 0.999943 477
0.999987 0.999973 395
1.000002 1.000004 480
0.991657 0.983744 711
1.000399 1.000799 664
0.999971 0.999941 447
1.000042 1.000084 334
0.999843 0.999684 614
0.999995 0.999989 545
0.999986 0.999972 577
0.999779 0.999525 687
0.999994 0.999988 391
1.000058 1.000117 489
0.999999 0.999998 558
1.000965 1.001937 633
1.000026 1.000053 654
1.000004 1.000009 413
1.000022 1.000043 505
1.000002 1.000004 480
0.999743 0.999485 521
0.999963 0.999925 319
1.000239 1.000477 468
1.007049 1.014152 632
0.999842 0.999684 612
0.999426 0.998852 624
1.000015 1.000036 557
0.999987 0.999974 372
0.999774 0.999549 599
0.999498 0.998993 671
1.000008 1.000015 281
0.999883 0.999765 396
0.999694 0.999387 674
1.000028 1.000055 391
0.999974 0.999946 534
1.000049 1.000105 527
0.999771 0.999541 526
0.999988 0.999974 542
0.999999 0.999999 417
0.999977 0.999951 580
1.000000 1.000000 449
0.999979 0.999959 483
0.987085 0.974273 700
0.999592 0.999183 550
0.999949 0.999898 456
0.999918 0.999835 562
1.000047 1.000094 420
1.000016 1.000032 382
0.999951 0.999903 347
0.999469 0.998831 668
1.000228 1.000456 404
1.000064 1.000128 506
1.000003 1.000006 446
1.000944 1.001894 586
1.001497 1.002997 570
1.000059 1.000118 482
0.999999 0.999997 390
0.999923 0.999847 605
0.999963 0.999927 561
1.000034 1.000069 370
0.999943 0.999886 395
1.000018 1.000036 538
1.003700 1.007377 714
0.000000 0.000000 100
1.000054 1.000109 582
1.000578 1.001116 649
1.000385 1.000772 661
0.999901 0.999803 670
1.000028 1.000057 535
0.999992 0.999984 365
1.000082 1.000165 477
1.000125 1.000250 640
0.999972 0.999945 540
1.000074 1.000148 609
0.999971 0.999942 540
1.000057 1.000118 644
1.000345 1.000691 602
1.000055 1.000110 421
0.999960 0.999920 453
0.999467 0.998935 631
0.999985 0.999969 580
1.000016 1.000031 329
0.999980 0.999961 545
1.000007 1.000015 394
1.000016 1.000031 628
0.999940 0.999880 626
1.000405 1.000804 616
1.000003 1.000005 468
1.000010 1.000020 285
0.999926 0.999852 398
0.999841 0.999682 623
0.999997 0.999995 419
1.000007 1.000013 429
0.999990 0.999980 523
0.999083 0.998164 586
1.000032 1.000065 382
1.000026 1.000053 344
1.000011 1.000022 501
1.000193 1.000387 613
1.000009 1.000017 417
0.999967 0.999932 330
1.000128 1.000256 641
1.000056 1.000112 445
1.000346 1.000690 679
0.999954 0.999906 435
1.000007 1.000014 400
1.000046 1.000092 565
0.999961 0.999921 346
1.000103 1.000206 489
1.000067 1.000133 439
0.999796 0.999592 505
0.999998 0.999996 491
0.999876 0.999751 591
0.999884 0.999768 524
1.000024 1.000048 392
0.999956 0.999912 379
0.999970 0.999940 498
0.999998 0.999996 494
0.999835 0.999670 565
1.000021 1.000042 460
1.007434 1.014960 693
1.000249 1.000503 651
0.999912 0.999824 328
0.998725 0.997451 533
0.999912 0.999823 609
0.999954 0.999909 455
0.999977 0.999954 401
0.999939 0.999878 400
1.000036 1.000071 495
0.999728 0.999455 675
0.999949 0.999898 575
1.000206 1.000413 435
0.998583 0.997158 706
1.000028 1.000056 502
0.999920 0.999844 669
0.999882 0.999763 535
0.999973 0.999946 539
0.999627 0.999251 606
1.000183 1.000365 411
0.999964 0.999928 616
0.999915 0.999830 395
1.000044 1.000087 343
0.999847 0.999694 651
0.999431 0.998859 652
1.000034 1.000070 387
1.000002 1.000003 444
0.999995 0.999989 421
0.000000 0.000000 100
1.000050 1.000101 433
1.000226 1.000453 454
1.000911 1.001822 696
0.999968 0.999936 462
1.000005 1.000011 496
0.999968 0.999935 496
1.000006 1.000012 468
0.999974 0.999949 222
0.999934 0.999867 537
0.999962 0.999924 439
0.999986 0.999972 362
0.998699 0.997270 680
0.999975 0.999950 517
0.999947 0.999905 628
1.000037 1.000073 618
0.999992 0.999985 422
0.999820 0.999639 652
0.999997 0.999995 422
1.000000 1.000000 382
0.998531 0.997063 663
0.999992 0.999985 317
0.999314 0.998639 723
0.999979 0.999958 369
1.000703 1.001347 679
1.000124 1.000247 494
1.000023 1.000045 418
1.000158 1.000317 629
0.999910 0.999813 658
1.000125 1.000244 677
1.000323 1.000647 616
0.999926 0.999852 373
0.999990 0.999981 496
1.000256 1.000513 602
0.999995 0.999991 405
0.999993 0.999986 511
1.000034 1.000069 545
1.000061 1.000123 389
0.998528 0.997055 604
0.999976 0.999953 561
0.997257 0.994485 677
0.999997 0.999994 399
0.999967 0.999934 526
0.999985 0.999970 326
1.000151 1.000303 602
1.000022 1.000044 459
1.000070 1.000144 621
1.000089 1.000190 617
0.999943 0.999885 520
0.999956 0.999913 396
0.999960 0.999919 353
1.000062 1.000124 443
0.999952 0.999903 544
1.000068 1.000136 406
0.999798 0.999595 372
1.000000 0.999999 464
1.000016 1.000032 507
1.000011 1.000023 436
0.998540 0.997078 626
1.000349 1.000690 682
1.000032 1.000064 424
1.000022 1.000043 459
0.999974 0.999948 502
0.999046 0.998090 602
0.999991 0.999981 371
1.000031 1.000062 284
0.999961 0.999923 289
0.999980 0.999961 453
0.999907 0.999813 469
1.000034 1.000068 587
0.999674 0.999360 603
0.999654 0.999307 456
1.000008 1.000015 514
1.000005 1.000010 383
1.000109 1.000218 452
1.000337 1.000676 540
1.000016 1.000031 451
0.999958 0.999915 554
0.999993 0.999986 508
0.999453 0.998907 706
1.000002 1.000004 439
1.000325 1.000660 672
1.000015 1.000030 459
0.999991 0.999982 563
0.999898 0.999796 548
1.000035 1.000070 325
0.998539 0.997053 670
0.999321 0.998642 526
0.999958 0.999912 665
0.999974 0.999947 399
0.999193 0.998382 684
0.999994 0.999988 365
1.000048 1.000099 504
0.997635 0.995269 676
1.001198 1.002413 706
0.999996 0.999993 565
1.000000 1.000000 368
1.000013 1.000026 435
1.000002 1.000004 497
1.000000 1.000000 406
1.000063 1.000125 533
1.000185 1.000369 483
1.001243 1.002494 567
0.999999 0.999998 551
0.999996 0.999991 225
1.000002 1.000005 389
1.003073 1.006170 651
1.000031 1.000063 435
0.999972 0.999943 508
0.999984 0.999967 388
1.000090 1.000180 387
0.998444 0.996879 672
1.000084 1.000163 581
0.998160 0.996324 698
0.999875 0.999743 654
1.000069 1.000140 649
1.000339 1.000680 534
1.000454 1.000910 576
1.000008 1.000016 379
0.999997 0.999994 394
0.999428 0.998857 617
0.999961 0.999922 310
0.999882 0.999764 470
1.000045 1.000089 495
1.000105 1.000210 442
0.999999 0.999998 512
0.999928 0.999859 622
0.996044 0.992152 796
1.000051 1.000102 551
0.999138 0.998289 669
1.000000 1.000001 370
0.999992 0.999985 444
1.000005 1.000011 517
0.999998 0.999997 483
0.999900 0.999800 483
1.000007 1.000014 388
0.999799 0.999596 516
1.000021 1.000043 463
0.999349 0.998688 636
1.000014 1.000026 551
1.000006 1.000012 469
0.993926 0.987875 450
1.000129 1.000259 520
0.999476 0.998961 648
0.999981 0.999962 211
0.999947 0.999894 604
1.000036 1.000072 427
0.999981 0.999963 530
1.000005 1.000010 628
0.999980 0.999960 483
1.000017 1.000034 331
0.999993 0.999987 381
0.999717 0.999432 495
1.000032 1.000063 321
1.000022 1.000043 418
0.999946 0.999893 400
1.000114 1.000229 645
1.000042 1.000085 493
0.999994 0.999988 450
1.000090 1.000180 642
0.999926 0.999852 535
0.999924 0.999848 608
1.000090 1.000181 500
1.000102 1.000205 310
0.999117 0.998226 648
1.000028 1.000055 425
0.999982 0.999964 440
1.000381 1.000764 660
0.999731 0.999460 684
0.999696 0.999375 651
1.000011 1.000022 453
0.999991 0.999982 455
1.000232 1.000465 684
1.000055 1.000110 435
0.989300 0.978715 522
1.000108 1.000217 631
0.999933 0.999867 602
1.000174 1.000349 578
1.000001 1.000002 423
0.000000 0.000000 100
0.998565 0.997133 711
1.000041 1.000082 426
1.147601 1.317399 169
1.000009 1.000016 578
1.000026 1.000051 660
1.000002 1.000003 492
0.999961 0.999936 585
1.000027 1.000054 532
0.999449 0.998802 653
0.999995 0.999989 438
1.000130 1.000260 566
0.998103 0.996207 573
1.000086 1.000173 374
0.999613 0.999225 699
0.999998 0.999996 499
1.000000 1.000001 482
1.000067 1.000134 420
1.000016 1.000033 462
1.000021 1.000043 340
1.000506 1.001012 583
0.998780 0.997561 633
1.000226 1.000451 519
1.000074 1.000153 573
0.999998 0.999996 389
1.000124 1.000249 612
0.999995 0.999991 571
1.000038 1.000077 481
0.999995 0.999990 455
1.000064 1.000127 356
1.000106 1.000211 574
0.999899 0.999798 596
1.000035 1.000069 368
0.998179 0.996361 589
0.999998 0.999996 554
1.000162 1.000324 550
0.999975 0.999949 488
1.000000 1.000000 329
0.999999 0.999997 533
1.000923 1.001849 527
1.001782 1.003566 680
1.000007 1.000015 445
0.999997 0.999994 443
1.000066 1.000133 490
1.000032 1.000073 632
0.999937 0.999874 352
1.000240 1.000479 319
1.000583 1.001163 663
1.000041 1.000082 428
0.000000 0.000000 100
0.999952 0.999903 529
0.998795 0.997582 657
0.997475 0.994957 610
0.999993 0.999985 328
0.999988 0.999976 576
0.999992 0.999983 442
0.999990 0.999977 635
0.999972 0.999943 483
0.999992 0.999983 331
1.000045 1.000090 572
0.999992 0.999983 505
1.000002 1.000003 550
0.999661 0.999321 291
0.999959 0.999918 385
1.000481 1.000963 585
0.999937 0.999875 585
1.000090 1.000180 548
0.999936 0.999872 548
1.000117 1.000234 456
1.000008 1.000016 547
1.000287 1.000575 632
1.000068 1.000135 540
1.000041 1.000082 391
0.999945 0.999890 481
0.999924 0.999851 623
0.999812 0.999624 517
0.999940 0.999880 502
1.000150 1.000303 648
1.000034 1.000067 362
0.999999 0.999999 474
1.000099 1.000192 631
0.993961 0.987958 578
1.000834 1.001669 547
0.999247 0.998499 701
0.999994 0.999987 343
0.999886 0.999772 594
0.999984 0.999967 626
1.001448 1.002790 730
0.999395 0.998789 515
1.000061 1.000122 514
0.999919 0.999837 651
0.986274 0.972782 695
0.999271 0.998544 194
0.999978 0.999956 508
1.000002 1.000003 546
0.999746 0.999481 604
1.000000 1.000001 333
0.999897 0.999792 636
0.999781 0.999561 642
0.999943 0.999884 202
1.000020 1.000040 474
0.999226 0.998449 677
1.000452 1.000905 678
0.999500 0.998998 491
0.999574 0.999145 637
0.999917 0.999834 639
1.000042 1.000083 501
1.006289 1.012618 625
0.997244 0.994610 746
1.000030 1.000060 588
0.999973 0.999946 523
1.000002 1.000004 407
0.996990 0.993973 585
0.998362 0.996721 739
0.999917 0.999832 668
0.999998 0.999996 539
1.000285 1.000572 525
0.999487 0.998975 556
1.000000 1.000000 289
0.999928 0.999857 254
0.999953 0.999905 535
0.999569 0.999138 632
1.000108 1.000215 475
0.999925 0.999850 561
1.000155 1.000310 257
0.999995 0.999987 530
1.000003 1.000005 551
1.000004 1.000008 396
1.000238 1.000490 613
1.000204 1.000409 618
1.000018 1.000037 453
0.999460 0.998920 639
1.000279 1.000560 656
1.000080 1.000159 306
0.999681 0.999361 431
1.000064 1.000128 400
0.999898 0.999795 368
1.000026 1.000052 404
0.999960 0.999920 318
0.999691 0.999380 579
0.999986 0.999973 559
1.000028 1.000057 247
0.999973 0.999946 472
0.999763 0.999514 614
1.000007 1.000014 438
0.999964 0.999930 564
1.000055 1.000109 351
1.000041 1.000083 567
1.000008 1.000016 358
0.999860 0.999720 630
0.992868 0.985751 531
1.000085 1.000170 235
0.997513 0.994951 680
1.000013 1.000027 478
1.000003 1.000005 520
0.999941 0.999882 428
0.999980 0.999960 438
1.000422 1.000845 677
0.999599 0.999206 706
1.000553 1.001109 631
0.999986 0.999972 395
0.999786 0.999571 435
0.999985 0.999969 440
0.999543 0.999084 650
0.999998 0.999996 650
1.000014 1.000028 448
0.999817 0.999634 514
0.990979 0.981995 629
1.000003 1.000006 487
0.999696 0.999391 651
1.000028 1.000055 542
0.999990 0.999979 404
1.000038 1.000081 535
0.999994 0.999966 648
1.000067 1.000134 552
1.000095 1.000189 640
0.999997 0.999995 346
1.000004 1.000008 535
1.000034 1.000068 427
1.000172 1.000344 579
0.999251 0.998498 656
1.000206 1.000413 423
1.000050 1.000099 622
1.000149 1.000298 300
0.999978 0.999957 498
1.000061 1.000126 647
1.000000 1.000000 329
0.999982 0.999963 357
0.999995 0.999990 520
1.000053 1.000108 673
1.000005 1.000010 540
0.999528 0.999054 649
0.989865 0.979791 206
1.000096 1.000202 608
1.000051 1.000102 320
0.999735 0.999470 498
1.000062 1.000124 433
1.000005 1.000009 542
1.000073 1.000146 485
0.999982 0.999964 421
0.999937 0.999875 452
1.000036 1.000071 524
0.999993 0.999986 453
0.999994 0.999987 443
0.999826 0.999652 526
1.000077 1.000154 356
1.000225 1.000450 611
0.997762 0.995518 639
0.998427 0.996848 655
1.000045 1.000092 520
0.999807 0.999614 659
1.000093 1.000186 656
1.000013 1.000026 455
1.000001 1.000002 357
1.000091 1.000186 632
1.000631 1.001258 547
0.997924 0.995843 617
1.000174 1.000348 509
1.000002 1.000003 469
0.999600 0.999200 496
1.000279 1.000444 689
1.009115 1.017961 675
1.000005 1.000010 546
0.999928 0.999857 583
0.999908 0.999804 629
1.000016 1.000036 586
0.999826 0.999651 544
0.999997 0.999994 277
1.000587 1.001177 519
1.000001 1.000003 413
1.001566 1.003134 666
1.000398 1.000796 536
0.999699 0.999378 699
0.999963 0.999925 563
0.999592 0.999137 718
0.999984 0.999967 583
1.000105 1.000210 381
0.995025 0.989943 673
