-3.141592653589793	-15.0	1
-3.141592653589793	-14.387755102040817	1
-3.141592653589793	-13.775510204081632	1
-3.141592653589793	-13.16326530612245	1
-3.141592653589793	-12.551020408163264	1
-3.141592653589793	-11.938775510204081	1
-3.141592653589793	-11.326530612244898	1
-3.141592653589793	-10.714285714285715	1
-3.141592653589793	-10.10204081632653	1
-3.141592653589793	-9.489795918367346	1
-3.141592653589793	-8.877551020408163	1
-3.141592653589793	-8.26530612244898	1
-3.141592653589793	-7.653061224489796	1
-3.141592653589793	-7.040816326530612	1
-3.141592653589793	-6.428571428571429	1
-3.141592653589793	-5.816326530612244	1
-3.141592653589793	-5.204081632653061	1
-3.141592653589793	-4.591836734693878	1
-3.141592653589793	-3.979591836734693	1
-3.141592653589793	-3.36734693877551	1
-3.141592653589793	-2.7551020408163254	1
-3.141592653589793	-2.1428571428571423	1
-3.141592653589793	-1.5306122448979593	1
-3.141592653589793	-0.9183673469387745	1
-3.141592653589793	-0.3061224489795915	1
-3.141592653589793	0.3061224489795915	1
-3.141592653589793	0.9183673469387763	1
-3.141592653589793	1.5306122448979593	1
-3.141592653589793	2.1428571428571423	1
-3.141592653589793	2.7551020408163254	1
-3.141592653589793	3.367346938775512	1
-3.141592653589793	3.979591836734695	1
-3.141592653589793	4.591836734693878	1
-3.141592653589793	5.204081632653061	1
-3.141592653589793	5.816326530612244	1
-3.141592653589793	6.428571428571431	1
-3.141592653589793	7.040816326530614	1
-3.141592653589793	7.653061224489797	1
-3.141592653589793	8.26530612244898	1
-3.141592653589793	8.877551020408163	1
-3.141592653589793	9.48979591836735	1
-3.141592653589793	10.102040816326532	1
-3.141592653589793	10.714285714285715	1
-3.141592653589793	11.326530612244898	1
-3.141592653589793	11.938775510204081	1
-3.141592653589793	12.551020408163264	1
-3.141592653589793	13.163265306122451	1
-3.141592653589793	13.775510204081634	1
-3.141592653589793	14.387755102040817	1
-3.141592653589793	15.0	1
-3.0133643820146996	-15.0	1
-3.0133643820146996	-14.387755102040817	1
-3.0133643820146996	-13.775510204081632	1
-3.0133643820146996	-13.16326530612245	1
-3.0133643820146996	-12.551020408163264	1
-3.0133643820146996	-11.938775510204081	1
-3.0133643820146996	-11.326530612244898	1
-3.0133643820146996	-10.714285714285715	1
-3.0133643820146996	-10.10204081632653	1
-3.0133643820146996	-9.489795918367346	1
-3.0133643820146996	-8.877551020408163	1
-3.0133643820146996	-8.26530612244898	1
-3.0133643820146996	-7.653061224489796	1
-3.0133643820146996	-7.040816326530612	1
-3.0133643820146996	-6.428571428571429	1
-3.0133643820146996	-5.816326530612244	1
-3.0133643820146996	-5.204081632653061	1
-3.0133643820146996	-4.591836734693878	1
-3.0133643820146996	-3.979591836734693	1
-3.0133643820146996	-3.36734693877551	1
-3.0133643820146996	-2.7551020408163254	1
-3.0133643820146996	-2.1428571428571423	1
-3.0133643820146996	-1.5306122448979593	1
-3.0133643820146996	-0.9183673469387745	1
-3.0133643820146996	-0.3061224489795915	1
-3.0133643820146996	0.3061224489795915	1
-3.0133643820146996	0.9183673469387763	1
-3.0133643820146996	1.5306122448979593	1
-3.0133643820146996	2.1428571428571423	1
-3.0133643820146996	2.7551020408163254	1
-3.0133643820146996	3.367346938775512	1
-3.0133643820146996	3.979591836734695	1
-3.0133643820146996	4.591836734693878	1
-3.0133643820146996	5.204081632653061	1
-3.0133643820146996	5.816326530612244	1
-3.0133643820146996	6.428571428571431	1
-3.0133643820146996	7.040816326530614	1
-3.0133643820146996	7.653061224489797	1
-3.0133643820146996	8.26530612244898	1
-3.0133643820146996	8.877551020408163	1
-3.0133643820146996	9.48979591836735	1
-3.0133643820146996	10.102040816326532	1
-3.0133643820146996	10.714285714285715	1
-3.0133643820146996	11.326530612244898	1
-3.0133643820146996	11.938775510204081	1
-3.0133643820146996	12.551020408163264	1
-3.0133643820146996	13.163265306122451	1
-3.0133643820146996	13.775510204081634	1
-3.0133643820146996	14.387755102040817	1
-3.0133643820146996	15.0	1
-2.885136110439606	-15.0	1
-2.885136110439606	-14.387755102040817	1
-2.885136110439606	-13.775510204081632	1
-2.885136110439606	-13.16326530612245	1
-2.885136110439606	-12.551020408163264	1
-2.885136110439606	-11.938775510204081	1
-2.885136110439606	-11.326530612244898	1
-2.885136110439606	-10.714285714285715	1
-2.885136110439606	-10.10204081632653	1
-2.885136110439606	-9.489795918367346	1
-2.885136110439606	-8.877551020408163	1
-2.885136110439606	-8.26530612244898	1
-2.885136110439606	-7.653061224489796	1
-2.885136110439606	-7.040816326530612	1
-2.885136110439606	-6.428571428571429	1
-2.885136110439606	-5.816326530612244	1
-2.885136110439606	-5.204081632653061	1
-2.885136110439606	-4.591836734693878	1
-2.885136110439606	-3.979591836734693	1
-2.885136110439606	-3.36734693877551	1
-2.885136110439606	-2.7551020408163254	1
-2.885136110439606	-2.1428571428571423	1
-2.885136110439606	-1.5306122448979593	1
-2.885136110439606	-0.9183673469387745	1
-2.885136110439606	-0.3061224489795915	1
-2.885136110439606	0.3061224489795915	1
-2.885136110439606	0.9183673469387763	1
-2.885136110439606	1.5306122448979593	1
-2.885136110439606	2.1428571428571423	1
-2.885136110439606	2.7551020408163254	1
-2.885136110439606	3.367346938775512	1
-2.885136110439606	3.979591836734695	1
-2.885136110439606	4.591836734693878	1
-2.885136110439606	5.204081632653061	1
-2.885136110439606	5.816326530612244	1
-2.885136110439606	6.428571428571431	1
-2.885136110439606	7.040816326530614	1
-2.885136110439606	7.653061224489797	1
-2.885136110439606	8.26530612244898	1
-2.885136110439606	8.877551020408163	1
-2.885136110439606	9.48979591836735	1
-2.885136110439606	10.102040816326532	1
-2.885136110439606	10.714285714285715	1
-2.885136110439606	11.326530612244898	1
-2.885136110439606	11.938775510204081	1
-2.885136110439606	12.551020408163264	1
-2.885136110439606	13.163265306122451	1
-2.885136110439606	13.775510204081634	1
-2.885136110439606	14.387755102040817	1
-2.885136110439606	15.0	1
-2.7569078388645125	-15.0	1
-2.7569078388645125	-14.387755102040817	1
-2.7569078388645125	-13.775510204081632	1
-2.7569078388645125	-13.16326530612245	1
-2.7569078388645125	-12.551020408163264	1
-2.7569078388645125	-11.938775510204081	1
-2.7569078388645125	-11.326530612244898	1
-2.7569078388645125	-10.714285714285715	1
-2.7569078388645125	-10.10204081632653	1
-2.7569078388645125	-9.489795918367346	1
-2.7569078388645125	-8.877551020408163	1
-2.7569078388645125	-8.26530612244898	1
-2.7569078388645125	-7.653061224489796	1
-2.7569078388645125	-7.040816326530612	1
-2.7569078388645125	-6.428571428571429	1
-2.7569078388645125	-5.816326530612244	1
-2.7569078388645125	-5.204081632653061	1
-2.7569078388645125	-4.591836734693878	1
-2.7569078388645125	-3.979591836734693	1
-2.7569078388645125	-3.36734693877551	1
-2.7569078388645125	-2.7551020408163254	1
-2.7569078388645125	-2.1428571428571423	1
-2.7569078388645125	-1.5306122448979593	1
-2.7569078388645125	-0.9183673469387745	1
-2.7569078388645125	-0.3061224489795915	0
-2.7569078388645125	0.3061224489795915	0
-2.7569078388645125	0.9183673469387763	1
-2.7569078388645125	1.5306122448979593	1
-2.7569078388645125	2.1428571428571423	1
-2.7569078388645125	2.7551020408163254	1
-2.7569078388645125	3.367346938775512	1
-2.7569078388645125	3.979591836734695	1
-2.7569078388645125	4.591836734693878	1
-2.7569078388645125	5.204081632653061	1
-2.7569078388645125	5.816326530612244	1
-2.7569078388645125	6.428571428571431	1
-2.7569078388645125	7.040816326530614	1
-2.7569078388645125	7.653061224489797	1
-2.7569078388645125	8.26530612244898	1
-2.7569078388645125	8.877551020408163	1
-2.7569078388645125	9.48979591836735	1
-2.7569078388645125	10.102040816326532	1
-2.7569078388645125	10.714285714285715	1
-2.7569078388645125	11.326530612244898	1
-2.7569078388645125	11.938775510204081	1
-2.7569078388645125	12.551020408163264	1
-2.7569078388645125	13.163265306122451	1
-2.7569078388645125	13.775510204081634	1
-2.7569078388645125	14.387755102040817	1
-2.7569078388645125	15.0	1
-2.628679567289419	-15.0	1
-2.628679567289419	-14.387755102040817	1
-2.628679567289419	-13.775510204081632	1
-2.628679567289419	-13.16326530612245	1
-2.628679567289419	-12.551020408163264	1
-2.628679567289419	-11.938775510204081	1
-2.628679567289419	-11.326530612244898	1
-2.628679567289419	-10.714285714285715	1
-2.628679567289419	-10.10204081632653	1
-2.628679567289419	-9.489795918367346	1
-2.628679567289419	-8.877551020408163	1
-2.628679567289419	-8.26530612244898	1
-2.628679567289419	-7.653061224489796	1
-2.628679567289419	-7.040816326530612	1
-2.628679567289419	-6.428571428571429	1
-2.628679567289419	-5.816326530612244	1
-2.628679567289419	-5.204081632653061	1
-2.628679567289419	-4.591836734693878	1
-2.628679567289419	-3.979591836734693	1
-2.628679567289419	-3.36734693877551	1
-2.628679567289419	-2.7551020408163254	1
-2.628679567289419	-2.1428571428571423	1
-2.628679567289419	-1.5306122448979593	1
-2.628679567289419	-0.9183673469387745	1
-2.628679567289419	-0.3061224489795915	0
-2.628679567289419	0.3061224489795915	0
-2.628679567289419	0.9183673469387763	1
-2.628679567289419	1.5306122448979593	1
-2.628679567289419	2.1428571428571423	1
-2.628679567289419	2.7551020408163254	1
-2.628679567289419	3.367346938775512	1
-2.628679567289419	3.979591836734695	1
-2.628679567289419	4.591836734693878	1
-2.628679567289419	5.204081632653061	1
-2.628679567289419	5.816326530612244	1
-2.628679567289419	6.428571428571431	1
-2.628679567289419	7.040816326530614	1
-2.628679567289419	7.653061224489797	1
-2.628679567289419	8.26530612244898	1
-2.628679567289419	8.877551020408163	1
-2.628679567289419	9.48979591836735	1
-2.628679567289419	10.102040816326532	1
-2.628679567289419	10.714285714285715	1
-2.628679567289419	11.326530612244898	1
-2.628679567289419	11.938775510204081	1
-2.628679567289419	12.551020408163264	1
-2.628679567289419	13.163265306122451	1
-2.628679567289419	13.775510204081634	1
-2.628679567289419	14.387755102040817	1
-2.628679567289419	15.0	1
-2.500451295714325	-15.0	1
-2.500451295714325	-14.387755102040817	1
-2.500451295714325	-13.775510204081632	1
-2.500451295714325	-13.16326530612245	1
-2.500451295714325	-12.551020408163264	1
-2.500451295714325	-11.938775510204081	1
-2.500451295714325	-11.326530612244898	1
-2.500451295714325	-10.714285714285715	1
-2.500451295714325	-10.10204081632653	1
-2.500451295714325	-9.489795918367346	1
-2.500451295714325	-8.877551020408163	1
-2.500451295714325	-8.26530612244898	1
-2.500451295714325	-7.653061224489796	1
-2.500451295714325	-7.040816326530612	1
-2.500451295714325	-6.428571428571429	1
-2.500451295714325	-5.816326530612244	1
-2.500451295714325	-5.204081632653061	1
-2.500451295714325	-4.591836734693878	1
-2.500451295714325	-3.979591836734693	1
-2.500451295714325	-3.36734693877551	1
-2.500451295714325	-2.7551020408163254	1
-2.500451295714325	-2.1428571428571423	1
-2.500451295714325	-1.5306122448979593	1
-2.500451295714325	-0.9183673469387745	1
-2.500451295714325	-0.3061224489795915	0
-2.500451295714325	0.3061224489795915	0
-2.500451295714325	0.9183673469387763	1
-2.500451295714325	1.5306122448979593	1
-2.500451295714325	2.1428571428571423	1
-2.500451295714325	2.7551020408163254	1
-2.500451295714325	3.367346938775512	1
-2.500451295714325	3.979591836734695	1
-2.500451295714325	4.591836734693878	1
-2.500451295714325	5.204081632653061	1
-2.500451295714325	5.816326530612244	1
-2.500451295714325	6.428571428571431	1
-2.500451295714325	7.040816326530614	1
-2.500451295714325	7.653061224489797	1
-2.500451295714325	8.26530612244898	1
-2.500451295714325	8.877551020408163	1
-2.500451295714325	9.48979591836735	1
-2.500451295714325	10.102040816326532	1
-2.500451295714325	10.714285714285715	1
-2.500451295714325	11.326530612244898	1
-2.500451295714325	11.938775510204081	1
-2.500451295714325	12.551020408163264	1
-2.500451295714325	13.163265306122451	1
-2.500451295714325	13.775510204081634	1
-2.500451295714325	14.387755102040817	1
-2.500451295714325	15.0	1
-2.3722230241392315	-15.0	1
-2.3722230241392315	-14.387755102040817	1
-2.3722230241392315	-13.775510204081632	1
-2.3722230241392315	-13.16326530612245	1
-2.3722230241392315	-12.551020408163264	1
-2.3722230241392315	-11.938775510204081	1
-2.3722230241392315	-11.326530612244898	1
-2.3722230241392315	-10.714285714285715	1
-2.3722230241392315	-10.10204081632653	1
-2.3722230241392315	-9.489795918367346	1
-2.3722230241392315	-8.877551020408163	1
-2.3722230241392315	-8.26530612244898	1
-2.3722230241392315	-7.653061224489796	1
-2.3722230241392315	-7.040816326530612	1
-2.3722230241392315	-6.428571428571429	1
-2.3722230241392315	-5.816326530612244	1
-2.3722230241392315	-5.204081632653061	1
-2.3722230241392315	-4.591836734693878	1
-2.3722230241392315	-3.979591836734693	1
-2.3722230241392315	-3.36734693877551	1
-2.3722230241392315	-2.7551020408163254	1
-2.3722230241392315	-2.1428571428571423	1
-2.3722230241392315	-1.5306122448979593	1
-2.3722230241392315	-0.9183673469387745	1
-2.3722230241392315	-0.3061224489795915	0
-2.3722230241392315	0.3061224489795915	0
-2.3722230241392315	0.9183673469387763	1
-2.3722230241392315	1.5306122448979593	1
-2.3722230241392315	2.1428571428571423	1
-2.3722230241392315	2.7551020408163254	1
-2.3722230241392315	3.367346938775512	1
-2.3722230241392315	3.979591836734695	1
-2.3722230241392315	4.591836734693878	1
-2.3722230241392315	5.204081632653061	1
-2.3722230241392315	5.816326530612244	1
-2.3722230241392315	6.428571428571431	1
-2.3722230241392315	7.040816326530614	1
-2.3722230241392315	7.653061224489797	1
-2.3722230241392315	8.26530612244898	1
-2.3722230241392315	8.877551020408163	1
-2.3722230241392315	9.48979591836735	1
-2.3722230241392315	10.102040816326532	1
-2.3722230241392315	10.714285714285715	1
-2.3722230241392315	11.326530612244898	1
-2.3722230241392315	11.938775510204081	1
-2.3722230241392315	12.551020408163264	1
-2.3722230241392315	13.163265306122451	1
-2.3722230241392315	13.775510204081634	1
-2.3722230241392315	14.387755102040817	1
-2.3722230241392315	15.0	1
-2.243994752564138	-15.0	1
-2.243994752564138	-14.387755102040817	1
-2.243994752564138	-13.775510204081632	1
-2.243994752564138	-13.16326530612245	1
-2.243994752564138	-12.551020408163264	1
-2.243994752564138	-11.938775510204081	1
-2.243994752564138	-11.326530612244898	1
-2.243994752564138	-10.714285714285715	1
-2.243994752564138	-10.10204081632653	1
-2.243994752564138	-9.489795918367346	1
-2.243994752564138	-8.877551020408163	1
-2.243994752564138	-8.26530612244898	1
-2.243994752564138	-7.653061224489796	1
-2.243994752564138	-7.040816326530612	1
-2.243994752564138	-6.428571428571429	1
-2.243994752564138	-5.816326530612244	1
-2.243994752564138	-5.204081632653061	1
-2.243994752564138	-4.591836734693878	1
-2.243994752564138	-3.979591836734693	1
-2.243994752564138	-3.36734693877551	1
-2.243994752564138	-2.7551020408163254	1
-2.243994752564138	-2.1428571428571423	1
-2.243994752564138	-1.5306122448979593	1
-2.243994752564138	-0.9183673469387745	1
-2.243994752564138	-0.3061224489795915	0
-2.243994752564138	0.3061224489795915	0
-2.243994752564138	0.9183673469387763	1
-2.243994752564138	1.5306122448979593	1
-2.243994752564138	2.1428571428571423	1
-2.243994752564138	2.7551020408163254	1
-2.243994752564138	3.367346938775512	1
-2.243994752564138	3.979591836734695	1
-2.243994752564138	4.591836734693878	1
-2.243994752564138	5.204081632653061	1
-2.243994752564138	5.816326530612244	1
-2.243994752564138	6.428571428571431	1
-2.243994752564138	7.040816326530614	1
-2.243994752564138	7.653061224489797	1
-2.243994752564138	8.26530612244898	1
-2.243994752564138	8.877551020408163	1
-2.243994752564138	9.48979591836735	1
-2.243994752564138	10.102040816326532	1
-2.243994752564138	10.714285714285715	1
-2.243994752564138	11.326530612244898	1
-2.243994752564138	11.938775510204081	1
-2.243994752564138	12.551020408163264	1
-2.243994752564138	13.163265306122451	1
-2.243994752564138	13.775510204081634	1
-2.243994752564138	14.387755102040817	1
-2.243994752564138	15.0	1
-2.1157664809890444	-15.0	1
-2.1157664809890444	-14.387755102040817	1
-2.1157664809890444	-13.775510204081632	1
-2.1157664809890444	-13.16326530612245	1
-2.1157664809890444	-12.551020408163264	1
-2.1157664809890444	-11.938775510204081	1
-2.1157664809890444	-11.326530612244898	1
-2.1157664809890444	-10.714285714285715	1
-2.1157664809890444	-10.10204081632653	1
-2.1157664809890444	-9.489795918367346	1
-2.1157664809890444	-8.877551020408163	1
-2.1157664809890444	-8.26530612244898	1
-2.1157664809890444	-7.653061224489796	1
-2.1157664809890444	-7.040816326530612	1
-2.1157664809890444	-6.428571428571429	1
-2.1157664809890444	-5.816326530612244	1
-2.1157664809890444	-5.204081632653061	1
-2.1157664809890444	-4.591836734693878	1
-2.1157664809890444	-3.979591836734693	1
-2.1157664809890444	-3.36734693877551	1
-2.1157664809890444	-2.7551020408163254	1
-2.1157664809890444	-2.1428571428571423	1
-2.1157664809890444	-1.5306122448979593	1
-2.1157664809890444	-0.9183673469387745	0
-2.1157664809890444	-0.3061224489795915	0
-2.1157664809890444	0.3061224489795915	0
-2.1157664809890444	0.9183673469387763	0
-2.1157664809890444	1.5306122448979593	1
-2.1157664809890444	2.1428571428571423	1
-2.1157664809890444	2.7551020408163254	1
-2.1157664809890444	3.367346938775512	1
-2.1157664809890444	3.979591836734695	1
-2.1157664809890444	4.591836734693878	1
-2.1157664809890444	5.204081632653061	1
-2.1157664809890444	5.816326530612244	1
-2.1157664809890444	6.428571428571431	1
-2.1157664809890444	7.040816326530614	1
-2.1157664809890444	7.653061224489797	1
-2.1157664809890444	8.26530612244898	1
-2.1157664809890444	8.877551020408163	1
-2.1157664809890444	9.48979591836735	1
-2.1157664809890444	10.102040816326532	1
-2.1157664809890444	10.714285714285715	1
-2.1157664809890444	11.326530612244898	1
-2.1157664809890444	11.938775510204081	1
-2.1157664809890444	12.551020408163264	1
-2.1157664809890444	13.163265306122451	1
-2.1157664809890444	13.775510204081634	1
-2.1157664809890444	14.387755102040817	1
-2.1157664809890444	15.0	1
-1.9875382094139509	-15.0	1
-1.9875382094139509	-14.387755102040817	1
-1.9875382094139509	-13.775510204081632	1
-1.9875382094139509	-13.16326530612245	1
-1.9875382094139509	-12.551020408163264	1
-1.9875382094139509	-11.938775510204081	1
-1.9875382094139509	-11.326530612244898	1
-1.9875382094139509	-10.714285714285715	1
-1.9875382094139509	-10.10204081632653	1
-1.9875382094139509	-9.489795918367346	1
-1.9875382094139509	-8.877551020408163	1
-1.9875382094139509	-8.26530612244898	1
-1.9875382094139509	-7.653061224489796	1
-1.9875382094139509	-7.040816326530612	1
-1.9875382094139509	-6.428571428571429	1
-1.9875382094139509	-5.816326530612244	1
-1.9875382094139509	-5.204081632653061	1
-1.9875382094139509	-4.591836734693878	1
-1.9875382094139509	-3.979591836734693	1
-1.9875382094139509	-3.36734693877551	1
-1.9875382094139509	-2.7551020408163254	1
-1.9875382094139509	-2.1428571428571423	1
-1.9875382094139509	-1.5306122448979593	1
-1.9875382094139509	-0.9183673469387745	0
-1.9875382094139509	-0.3061224489795915	0
-1.9875382094139509	0.3061224489795915	0
-1.9875382094139509	0.9183673469387763	0
-1.9875382094139509	1.5306122448979593	1
-1.9875382094139509	2.1428571428571423	1
-1.9875382094139509	2.7551020408163254	1
-1.9875382094139509	3.367346938775512	1
-1.9875382094139509	3.979591836734695	1
-1.9875382094139509	4.591836734693878	1
-1.9875382094139509	5.204081632653061	1
-1.9875382094139509	5.816326530612244	1
-1.9875382094139509	6.428571428571431	1
-1.9875382094139509	7.040816326530614	1
-1.9875382094139509	7.653061224489797	1
-1.9875382094139509	8.26530612244898	1
-1.9875382094139509	8.877551020408163	1
-1.9875382094139509	9.48979591836735	1
-1.9875382094139509	10.102040816326532	1
-1.9875382094139509	10.714285714285715	1
-1.9875382094139509	11.326530612244898	1
-1.9875382094139509	11.938775510204081	1
-1.9875382094139509	12.551020408163264	1
-1.9875382094139509	13.163265306122451	1
-1.9875382094139509	13.775510204081634	1
-1.9875382094139509	14.387755102040817	1
-1.9875382094139509	15.0	1
-1.8593099378388573	-15.0	1
-1.8593099378388573	-14.387755102040817	1
-1.8593099378388573	-13.775510204081632	1
-1.8593099378388573	-13.16326530612245	1
-1.8593099378388573	-12.551020408163264	1
-1.8593099378388573	-11.938775510204081	1
-1.8593099378388573	-11.326530612244898	1
-1.8593099378388573	-10.714285714285715	1
-1.8593099378388573	-10.10204081632653	1
-1.8593099378388573	-9.489795918367346	1
-1.8593099378388573	-8.877551020408163	1
-1.8593099378388573	-8.26530612244898	1
-1.8593099378388573	-7.653061224489796	1
-1.8593099378388573	-7.040816326530612	1
-1.8593099378388573	-6.428571428571429	1
-1.8593099378388573	-5.816326530612244	1
-1.8593099378388573	-5.204081632653061	1
-1.8593099378388573	-4.591836734693878	1
-1.8593099378388573	-3.979591836734693	1
-1.8593099378388573	-3.36734693877551	1
-1.8593099378388573	-2.7551020408163254	1
-1.8593099378388573	-2.1428571428571423	1
-1.8593099378388573	-1.5306122448979593	1
-1.8593099378388573	-0.9183673469387745	0
-1.8593099378388573	-0.3061224489795915	0
-1.8593099378388573	0.3061224489795915	0
-1.8593099378388573	0.9183673469387763	0
-1.8593099378388573	1.5306122448979593	1
-1.8593099378388573	2.1428571428571423	1
-1.8593099378388573	2.7551020408163254	1
-1.8593099378388573	3.367346938775512	1
-1.8593099378388573	3.979591836734695	1
-1.8593099378388573	4.591836734693878	1
-1.8593099378388573	5.204081632653061	1
-1.8593099378388573	5.816326530612244	1
-1.8593099378388573	6.428571428571431	1
-1.8593099378388573	7.040816326530614	1
-1.8593099378388573	7.653061224489797	1
-1.8593099378388573	8.26530612244898	1
-1.8593099378388573	8.877551020408163	1
-1.8593099378388573	9.48979591836735	1
-1.8593099378388573	10.102040816326532	1
-1.8593099378388573	10.714285714285715	1
-1.8593099378388573	11.326530612244898	1
-1.8593099378388573	11.938775510204081	1
-1.8593099378388573	12.551020408163264	1
-1.8593099378388573	13.163265306122451	1
-1.8593099378388573	13.775510204081634	1
-1.8593099378388573	14.387755102040817	1
-1.8593099378388573	15.0	1
-1.7310816662637636	-15.0	1
-1.7310816662637636	-14.387755102040817	1
-1.7310816662637636	-13.775510204081632	1
-1.7310816662637636	-13.16326530612245	1
-1.7310816662637636	-12.551020408163264	1
-1.7310816662637636	-11.938775510204081	1
-1.7310816662637636	-11.326530612244898	1
-1.7310816662637636	-10.714285714285715	1
-1.7310816662637636	-10.10204081632653	1
-1.7310816662637636	-9.489795918367346	1
-1.7310816662637636	-8.877551020408163	1
-1.7310816662637636	-8.26530612244898	1
-1.7310816662637636	-7.653061224489796	1
-1.7310816662637636	-7.040816326530612	1
-1.7310816662637636	-6.428571428571429	1
-1.7310816662637636	-5.816326530612244	1
-1.7310816662637636	-5.204081632653061	1
-1.7310816662637636	-4.591836734693878	1
-1.7310816662637636	-3.979591836734693	1
-1.7310816662637636	-3.36734693877551	1
-1.7310816662637636	-2.7551020408163254	1
-1.7310816662637636	-2.1428571428571423	1
-1.7310816662637636	-1.5306122448979593	1
-1.7310816662637636	-0.9183673469387745	0
-1.7310816662637636	-0.3061224489795915	0
-1.7310816662637636	0.3061224489795915	0
-1.7310816662637636	0.9183673469387763	0
-1.7310816662637636	1.5306122448979593	1
-1.7310816662637636	2.1428571428571423	1
-1.7310816662637636	2.7551020408163254	1
-1.7310816662637636	3.367346938775512	1
-1.7310816662637636	3.979591836734695	1
-1.7310816662637636	4.591836734693878	1
-1.7310816662637636	5.204081632653061	1
-1.7310816662637636	5.816326530612244	1
-1.7310816662637636	6.428571428571431	1
-1.7310816662637636	7.040816326530614	1
-1.7310816662637636	7.653061224489797	1
-1.7310816662637636	8.26530612244898	1
-1.7310816662637636	8.877551020408163	1
-1.7310816662637636	9.48979591836735	1
-1.7310816662637636	10.102040816326532	1
-1.7310816662637636	10.714285714285715	1
-1.7310816662637636	11.326530612244898	1
-1.7310816662637636	11.938775510204081	1
-1.7310816662637636	12.551020408163264	1
-1.7310816662637636	13.163265306122451	1
-1.7310816662637636	13.775510204081634	1
-1.7310816662637636	14.387755102040817	1
-1.7310816662637636	15.0	1
-1.60285339468867	-15.0	1
-1.60285339468867	-14.387755102040817	1
-1.60285339468867	-13.775510204081632	1
-1.60285339468867	-13.16326530612245	1
-1.60285339468867	-12.551020408163264	1
-1.60285339468867	-11.938775510204081	1
-1.60285339468867	-11.326530612244898	1
-1.60285339468867	-10.714285714285715	1
-1.60285339468867	-10.10204081632653	1
-1.60285339468867	-9.489795918367346	1
-1.60285339468867	-8.877551020408163	1
-1.60285339468867	-8.26530612244898	1
-1.60285339468867	-7.653061224489796	1
-1.60285339468867	-7.040816326530612	1
-1.60285339468867	-6.428571428571429	1
-1.60285339468867	-5.816326530612244	1
-1.60285339468867	-5.204081632653061	1
-1.60285339468867	-4.591836734693878	1
-1.60285339468867	-3.979591836734693	1
-1.60285339468867	-3.36734693877551	1
-1.60285339468867	-2.7551020408163254	1
-1.60285339468867	-2.1428571428571423	1
-1.60285339468867	-1.5306122448979593	1
-1.60285339468867	-0.9183673469387745	0
-1.60285339468867	-0.3061224489795915	0
-1.60285339468867	0.3061224489795915	0
-1.60285339468867	0.9183673469387763	0
-1.60285339468867	1.5306122448979593	1
-1.60285339468867	2.1428571428571423	1
-1.60285339468867	2.7551020408163254	1
-1.60285339468867	3.367346938775512	1
-1.60285339468867	3.979591836734695	1
-1.60285339468867	4.591836734693878	1
-1.60285339468867	5.204081632653061	1
-1.60285339468867	5.816326530612244	1
-1.60285339468867	6.428571428571431	1
-1.60285339468867	7.040816326530614	1
-1.60285339468867	7.653061224489797	1
-1.60285339468867	8.26530612244898	1
-1.60285339468867	8.877551020408163	1
-1.60285339468867	9.48979591836735	1
-1.60285339468867	10.102040816326532	1
-1.60285339468867	10.714285714285715	1
-1.60285339468867	11.326530612244898	1
-1.60285339468867	11.938775510204081	1
-1.60285339468867	12.551020408163264	1
-1.60285339468867	13.163265306122451	1
-1.60285339468867	13.775510204081634	1
-1.60285339468867	14.387755102040817	1
-1.60285339468867	15.0	1
-1.4746251231135765	-15.0	1
-1.4746251231135765	-14.387755102040817	1
-1.4746251231135765	-13.775510204081632	1
-1.4746251231135765	-13.16326530612245	1
-1.4746251231135765	-12.551020408163264	1
-1.4746251231135765	-11.938775510204081	1
-1.4746251231135765	-11.326530612244898	1
-1.4746251231135765	-10.714285714285715	1
-1.4746251231135765	-10.10204081632653	1
-1.4746251231135765	-9.489795918367346	1
-1.4746251231135765	-8.877551020408163	1
-1.4746251231135765	-8.26530612244898	1
-1.4746251231135765	-7.653061224489796	1
-1.4746251231135765	-7.040816326530612	1
-1.4746251231135765	-6.428571428571429	1
-1.4746251231135765	-5.816326530612244	1
-1.4746251231135765	-5.204081632653061	1
-1.4746251231135765	-4.591836734693878	1
-1.4746251231135765	-3.979591836734693	1
-1.4746251231135765	-3.36734693877551	1
-1.4746251231135765	-2.7551020408163254	1
-1.4746251231135765	-2.1428571428571423	1
-1.4746251231135765	-1.5306122448979593	1
-1.4746251231135765	-0.9183673469387745	0
-1.4746251231135765	-0.3061224489795915	0
-1.4746251231135765	0.3061224489795915	0
-1.4746251231135765	0.9183673469387763	0
-1.4746251231135765	1.5306122448979593	1
-1.4746251231135765	2.1428571428571423	1
-1.4746251231135765	2.7551020408163254	1
-1.4746251231135765	3.367346938775512	1
-1.4746251231135765	3.979591836734695	1
-1.4746251231135765	4.591836734693878	1
-1.4746251231135765	5.204081632653061	1
-1.4746251231135765	5.816326530612244	1
-1.4746251231135765	6.428571428571431	1
-1.4746251231135765	7.040816326530614	1
-1.4746251231135765	7.653061224489797	1
-1.4746251231135765	8.26530612244898	1
-1.4746251231135765	8.877551020408163	1
-1.4746251231135765	9.48979591836735	1
-1.4746251231135765	10.102040816326532	1
-1.4746251231135765	10.714285714285715	1
-1.4746251231135765	11.326530612244898	1
-1.4746251231135765	11.938775510204081	1
-1.4746251231135765	12.551020408163264	1
-1.4746251231135765	13.163265306122451	1
-1.4746251231135765	13.775510204081634	1
-1.4746251231135765	14.387755102040817	1
-1.4746251231135765	15.0	1
-1.3463968515384828	-15.0	1
-1.3463968515384828	-14.387755102040817	1
-1.3463968515384828	-13.775510204081632	1
-1.3463968515384828	-13.16326530612245	1
-1.3463968515384828	-12.551020408163264	1
-1.3463968515384828	-11.938775510204081	1
-1.3463968515384828	-11.326530612244898	1
-1.3463968515384828	-10.714285714285715	1
-1.3463968515384828	-10.10204081632653	1
-1.3463968515384828	-9.489795918367346	1
-1.3463968515384828	-8.877551020408163	1
-1.3463968515384828	-8.26530612244898	1
-1.3463968515384828	-7.653061224489796	1
-1.3463968515384828	-7.040816326530612	1
-1.3463968515384828	-6.428571428571429	1
-1.3463968515384828	-5.816326530612244	1
-1.3463968515384828	-5.204081632653061	1
-1.3463968515384828	-4.591836734693878	1
-1.3463968515384828	-3.979591836734693	1
-1.3463968515384828	-3.36734693877551	1
-1.3463968515384828	-2.7551020408163254	1
-1.3463968515384828	-2.1428571428571423	1
-1.3463968515384828	-1.5306122448979593	0
-1.3463968515384828	-0.9183673469387745	0
-1.3463968515384828	-0.3061224489795915	0
-1.3463968515384828	0.3061224489795915	0
-1.3463968515384828	0.9183673469387763	0
-1.3463968515384828	1.5306122448979593	0
-1.3463968515384828	2.1428571428571423	1
-1.3463968515384828	2.7551020408163254	1
-1.3463968515384828	3.367346938775512	1
-1.3463968515384828	3.979591836734695	1
-1.3463968515384828	4.591836734693878	1
-1.3463968515384828	5.204081632653061	1
-1.3463968515384828	5.816326530612244	1
-1.3463968515384828	6.428571428571431	1
-1.3463968515384828	7.040816326530614	1
-1.3463968515384828	7.653061224489797	1
-1.3463968515384828	8.26530612244898	1
-1.3463968515384828	8.877551020408163	1
-1.3463968515384828	9.48979591836735	1
-1.3463968515384828	10.102040816326532	1
-1.3463968515384828	10.714285714285715	1
-1.3463968515384828	11.326530612244898	1
-1.3463968515384828	11.938775510204081	1
-1.3463968515384828	12.551020408163264	1
-1.3463968515384828	13.163265306122451	1
-1.3463968515384828	13.775510204081634	1
-1.3463968515384828	14.387755102040817	1
-1.3463968515384828	15.0	1
-1.2181685799633892	-15.0	1
-1.2181685799633892	-14.387755102040817	1
-1.2181685799633892	-13.775510204081632	1
-1.2181685799633892	-13.16326530612245	1
-1.2181685799633892	-12.551020408163264	1
-1.2181685799633892	-11.938775510204081	1
-1.2181685799633892	-11.326530612244898	1
-1.2181685799633892	-10.714285714285715	1
-1.2181685799633892	-10.10204081632653	1
-1.2181685799633892	-9.489795918367346	1
-1.2181685799633892	-8.877551020408163	1
-1.2181685799633892	-8.26530612244898	1
-1.2181685799633892	-7.653061224489796	1
-1.2181685799633892	-7.040816326530612	1
-1.2181685799633892	-6.428571428571429	1
-1.2181685799633892	-5.816326530612244	1
-1.2181685799633892	-5.204081632653061	1
-1.2181685799633892	-4.591836734693878	1
-1.2181685799633892	-3.979591836734693	1
-1.2181685799633892	-3.36734693877551	1
-1.2181685799633892	-2.7551020408163254	1
-1.2181685799633892	-2.1428571428571423	1
-1.2181685799633892	-1.5306122448979593	0
-1.2181685799633892	-0.9183673469387745	0
-1.2181685799633892	-0.3061224489795915	0
-1.2181685799633892	0.3061224489795915	0
-1.2181685799633892	0.9183673469387763	0
-1.2181685799633892	1.5306122448979593	0
-1.2181685799633892	2.1428571428571423	1
-1.2181685799633892	2.7551020408163254	1
-1.2181685799633892	3.367346938775512	1
-1.2181685799633892	3.979591836734695	1
-1.2181685799633892	4.591836734693878	1
-1.2181685799633892	5.204081632653061	1
-1.2181685799633892	5.816326530612244	1
-1.2181685799633892	6.428571428571431	1
-1.2181685799633892	7.040816326530614	1
-1.2181685799633892	7.653061224489797	1
-1.2181685799633892	8.26530612244898	1
-1.2181685799633892	8.877551020408163	1
-1.2181685799633892	9.48979591836735	1
-1.2181685799633892	10.102040816326532	1
-1.2181685799633892	10.714285714285715	1
-1.2181685799633892	11.326530612244898	1
-1.2181685799633892	11.938775510204081	1
-1.2181685799633892	12.551020408163264	1
-1.2181685799633892	13.163265306122451	1
-1.2181685799633892	13.775510204081634	1
-1.2181685799633892	14.387755102040817	1
-1.2181685799633892	15.0	1
-1.0899403083882957	-15.0	1
-1.0899403083882957	-14.387755102040817	1
-1.0899403083882957	-13.775510204081632	1
-1.0899403083882957	-13.16326530612245	1
-1.0899403083882957	-12.551020408163264	1
-1.0899403083882957	-11.938775510204081	1
-1.0899403083882957	-11.326530612244898	1
-1.0899403083882957	-10.714285714285715	1
-1.0899403083882957	-10.10204081632653	1
-1.0899403083882957	-9.489795918367346	1
-1.0899403083882957	-8.877551020408163	1
-1.0899403083882957	-8.26530612244898	1
-1.0899403083882957	-7.653061224489796	1
-1.0899403083882957	-7.040816326530612	1
-1.0899403083882957	-6.428571428571429	1
-1.0899403083882957	-5.816326530612244	1
-1.0899403083882957	-5.204081632653061	1
-1.0899403083882957	-4.591836734693878	1
-1.0899403083882957	-3.979591836734693	1
-1.0899403083882957	-3.36734693877551	1
-1.0899403083882957	-2.7551020408163254	1
-1.0899403083882957	-2.1428571428571423	1
-1.0899403083882957	-1.5306122448979593	0
-1.0899403083882957	-0.9183673469387745	0
-1.0899403083882957	-0.3061224489795915	0
-1.0899403083882957	0.3061224489795915	0
-1.0899403083882957	0.9183673469387763	0
-1.0899403083882957	1.5306122448979593	0
-1.0899403083882957	2.1428571428571423	1
-1.0899403083882957	2.7551020408163254	1
-1.0899403083882957	3.367346938775512	1
-1.0899403083882957	3.979591836734695	1
-1.0899403083882957	4.591836734693878	1
-1.0899403083882957	5.204081632653061	1
-1.0899403083882957	5.816326530612244	1
-1.0899403083882957	6.428571428571431	1
-1.0899403083882957	7.040816326530614	1
-1.0899403083882957	7.653061224489797	1
-1.0899403083882957	8.26530612244898	1
-1.0899403083882957	8.877551020408163	1
-1.0899403083882957	9.48979591836735	1
-1.0899403083882957	10.102040816326532	1
-1.0899403083882957	10.714285714285715	1
-1.0899403083882957	11.326530612244898	1
-1.0899403083882957	11.938775510204081	1
-1.0899403083882957	12.551020408163264	1
-1.0899403083882957	13.163265306122451	1
-1.0899403083882957	13.775510204081634	1
-1.0899403083882957	14.387755102040817	1
-1.0899403083882957	15.0	1
-0.9617120368132022	-15.0	1
-0.9617120368132022	-14.387755102040817	1
-0.9617120368132022	-13.775510204081632	1
-0.9617120368132022	-13.16326530612245	1
-0.9617120368132022	-12.551020408163264	1
-0.9617120368132022	-11.938775510204081	1
-0.9617120368132022	-11.326530612244898	1
-0.9617120368132022	-10.714285714285715	1
-0.9617120368132022	-10.10204081632653	1
-0.9617120368132022	-9.489795918367346	1
-0.9617120368132022	-8.877551020408163	1
-0.9617120368132022	-8.26530612244898	1
-0.9617120368132022	-7.653061224489796	1
-0.9617120368132022	-7.040816326530612	1
-0.9617120368132022	-6.428571428571429	1
-0.9617120368132022	-5.816326530612244	1
-0.9617120368132022	-5.204081632653061	1
-0.9617120368132022	-4.591836734693878	1
-0.9617120368132022	-3.979591836734693	1
-0.9617120368132022	-3.36734693877551	1
-0.9617120368132022	-2.7551020408163254	1
-0.9617120368132022	-2.1428571428571423	1
-0.9617120368132022	-1.5306122448979593	0
-0.9617120368132022	-0.9183673469387745	0
-0.9617120368132022	-0.3061224489795915	0
-0.9617120368132022	0.3061224489795915	0
-0.9617120368132022	0.9183673469387763	0
-0.9617120368132022	1.5306122448979593	0
-0.9617120368132022	2.1428571428571423	1
-0.9617120368132022	2.7551020408163254	1
-0.9617120368132022	3.367346938775512	1
-0.9617120368132022	3.979591836734695	1
-0.9617120368132022	4.591836734693878	1
-0.9617120368132022	5.204081632653061	1
-0.9617120368132022	5.816326530612244	1
-0.9617120368132022	6.428571428571431	1
-0.9617120368132022	7.040816326530614	1
-0.9617120368132022	7.653061224489797	1
-0.9617120368132022	8.26530612244898	1
-0.9617120368132022	8.877551020408163	1
-0.9617120368132022	9.48979591836735	1
-0.9617120368132022	10.102040816326532	1
-0.9617120368132022	10.714285714285715	1
-0.9617120368132022	11.326530612244898	1
-0.9617120368132022	11.938775510204081	1
-0.9617120368132022	12.551020408163264	1
-0.9617120368132022	13.163265306122451	1
-0.9617120368132022	13.775510204081634	1
-0.9617120368132022	14.387755102040817	1
-0.9617120368132022	15.0	1
-0.8334837652381086	-15.0	1
-0.8334837652381086	-14.387755102040817	1
-0.8334837652381086	-13.775510204081632	1
-0.8334837652381086	-13.16326530612245	1
-0.8334837652381086	-12.551020408163264	1
-0.8334837652381086	-11.938775510204081	1
-0.8334837652381086	-11.326530612244898	1
-0.8334837652381086	-10.714285714285715	1
-0.8334837652381086	-10.10204081632653	1
-0.8334837652381086	-9.489795918367346	1
-0.8334837652381086	-8.877551020408163	1
-0.8334837652381086	-8.26530612244898	1
-0.8334837652381086	-7.653061224489796	1
-0.8334837652381086	-7.040816326530612	1
-0.8334837652381086	-6.428571428571429	1
-0.8334837652381086	-5.816326530612244	1
-0.8334837652381086	-5.204081632653061	1
-0.8334837652381086	-4.591836734693878	1
-0.8334837652381086	-3.979591836734693	1
-0.8334837652381086	-3.36734693877551	1
-0.8334837652381086	-2.7551020408163254	1
-0.8334837652381086	-2.1428571428571423	1
-0.8334837652381086	-1.5306122448979593	0
-0.8334837652381086	-0.9183673469387745	0
-0.8334837652381086	-0.3061224489795915	0
-0.8334837652381086	0.3061224489795915	0
-0.8334837652381086	0.9183673469387763	0
-0.8334837652381086	1.5306122448979593	0
-0.8334837652381086	2.1428571428571423	1
-0.8334837652381086	2.7551020408163254	1
-0.8334837652381086	3.367346938775512	1
-0.8334837652381086	3.979591836734695	1
-0.8334837652381086	4.591836734693878	1
-0.8334837652381086	5.204081632653061	1
-0.8334837652381086	5.816326530612244	1
-0.8334837652381086	6.428571428571431	1
-0.8334837652381086	7.040816326530614	1
-0.8334837652381086	7.653061224489797	1
-0.8334837652381086	8.26530612244898	1
-0.8334837652381086	8.877551020408163	1
-0.8334837652381086	9.48979591836735	1
-0.8334837652381086	10.102040816326532	1
-0.8334837652381086	10.714285714285715	1
-0.8334837652381086	11.326530612244898	1
-0.8334837652381086	11.938775510204081	1
-0.8334837652381086	12.551020408163264	1
-0.8334837652381086	13.163265306122451	1
-0.8334837652381086	13.775510204081634	1
-0.8334837652381086	14.387755102040817	1
-0.8334837652381086	15.0	1
-0.7052554936630151	-15.0	1
-0.7052554936630151	-14.387755102040817	1
-0.7052554936630151	-13.775510204081632	1
-0.7052554936630151	-13.16326530612245	1
-0.7052554936630151	-12.551020408163264	1
-0.7052554936630151	-11.938775510204081	1
-0.7052554936630151	-11.326530612244898	1
-0.7052554936630151	-10.714285714285715	1
-0.7052554936630151	-10.10204081632653	1
-0.7052554936630151	-9.489795918367346	1
-0.7052554936630151	-8.877551020408163	1
-0.7052554936630151	-8.26530612244898	1
-0.7052554936630151	-7.653061224489796	1
-0.7052554936630151	-7.040816326530612	1
-0.7052554936630151	-6.428571428571429	1
-0.7052554936630151	-5.816326530612244	1
-0.7052554936630151	-5.204081632653061	1
-0.7052554936630151	-4.591836734693878	1
-0.7052554936630151	-3.979591836734693	1
-0.7052554936630151	-3.36734693877551	1
-0.7052554936630151	-2.7551020408163254	1
-0.7052554936630151	-2.1428571428571423	1
-0.7052554936630151	-1.5306122448979593	0
-0.7052554936630151	-0.9183673469387745	0
-0.7052554936630151	-0.3061224489795915	0
-0.7052554936630151	0.3061224489795915	0
-0.7052554936630151	0.9183673469387763	0
-0.7052554936630151	1.5306122448979593	0
-0.7052554936630151	2.1428571428571423	1
-0.7052554936630151	2.7551020408163254	1
-0.7052554936630151	3.367346938775512	1
-0.7052554936630151	3.979591836734695	1
-0.7052554936630151	4.591836734693878	1
-0.7052554936630151	5.204081632653061	1
-0.7052554936630151	5.816326530612244	1
-0.7052554936630151	6.428571428571431	1
-0.7052554936630151	7.040816326530614	1
-0.7052554936630151	7.653061224489797	1
-0.7052554936630151	8.26530612244898	1
-0.7052554936630151	8.877551020408163	1
-0.7052554936630151	9.48979591836735	1
-0.7052554936630151	10.102040816326532	1
-0.7052554936630151	10.714285714285715	1
-0.7052554936630151	11.326530612244898	1
-0.7052554936630151	11.938775510204081	1
-0.7052554936630151	12.551020408163264	1
-0.7052554936630151	13.163265306122451	1
-0.7052554936630151	13.775510204081634	1
-0.7052554936630151	14.387755102040817	1
-0.7052554936630151	15.0	1
-0.5770272220879216	-15.0	1
-0.5770272220879216	-14.387755102040817	1
-0.5770272220879216	-13.775510204081632	1
-0.5770272220879216	-13.16326530612245	1
-0.5770272220879216	-12.551020408163264	1
-0.5770272220879216	-11.938775510204081	1
-0.5770272220879216	-11.326530612244898	1
-0.5770272220879216	-10.714285714285715	1
-0.5770272220879216	-10.10204081632653	1
-0.5770272220879216	-9.489795918367346	1
-0.5770272220879216	-8.877551020408163	1
-0.5770272220879216	-8.26530612244898	1
-0.5770272220879216	-7.653061224489796	1
-0.5770272220879216	-7.040816326530612	1
-0.5770272220879216	-6.428571428571429	1
-0.5770272220879216	-5.816326530612244	1
-0.5770272220879216	-5.204081632653061	1
-0.5770272220879216	-4.591836734693878	1
-0.5770272220879216	-3.979591836734693	1
-0.5770272220879216	-3.36734693877551	1
-0.5770272220879216	-2.7551020408163254	1
-0.5770272220879216	-2.1428571428571423	1
-0.5770272220879216	-1.5306122448979593	0
-0.5770272220879216	-0.9183673469387745	0
-0.5770272220879216	-0.3061224489795915	0
-0.5770272220879216	0.3061224489795915	0
-0.5770272220879216	0.9183673469387763	0
-0.5770272220879216	1.5306122448979593	0
-0.5770272220879216	2.1428571428571423	1
-0.5770272220879216	2.7551020408163254	1
-0.5770272220879216	3.367346938775512	1
-0.5770272220879216	3.979591836734695	1
-0.5770272220879216	4.591836734693878	1
-0.5770272220879216	5.204081632653061	1
-0.5770272220879216	5.816326530612244	1
-0.5770272220879216	6.428571428571431	1
-0.5770272220879216	7.040816326530614	1
-0.5770272220879216	7.653061224489797	1
-0.5770272220879216	8.26530612244898	1
-0.5770272220879216	8.877551020408163	1
-0.5770272220879216	9.48979591836735	1
-0.5770272220879216	10.102040816326532	1
-0.5770272220879216	10.714285714285715	1
-0.5770272220879216	11.326530612244898	1
-0.5770272220879216	11.938775510204081	1
-0.5770272220879216	12.551020408163264	1
-0.5770272220879216	13.163265306122451	1
-0.5770272220879216	13.775510204081634	1
-0.5770272220879216	14.387755102040817	1
-0.5770272220879216	15.0	1
-0.4487989505128276	-15.0	1
-0.4487989505128276	-14.387755102040817	1
-0.4487989505128276	-13.775510204081632	1
-0.4487989505128276	-13.16326530612245	1
-0.4487989505128276	-12.551020408163264	1
-0.4487989505128276	-11.938775510204081	1
-0.4487989505128276	-11.326530612244898	1
-0.4487989505128276	-10.714285714285715	1
-0.4487989505128276	-10.10204081632653	1
-0.4487989505128276	-9.489795918367346	1
-0.4487989505128276	-8.877551020408163	1
-0.4487989505128276	-8.26530612244898	1
-0.4487989505128276	-7.653061224489796	1
-0.4487989505128276	-7.040816326530612	1
-0.4487989505128276	-6.428571428571429	1
-0.4487989505128276	-5.816326530612244	1
-0.4487989505128276	-5.204081632653061	1
-0.4487989505128276	-4.591836734693878	1
-0.4487989505128276	-3.979591836734693	1
-0.4487989505128276	-3.36734693877551	1
-0.4487989505128276	-2.7551020408163254	1
-0.4487989505128276	-2.1428571428571423	1
-0.4487989505128276	-1.5306122448979593	0
-0.4487989505128276	-0.9183673469387745	0
-0.4487989505128276	-0.3061224489795915	0
-0.4487989505128276	0.3061224489795915	0
-0.4487989505128276	0.9183673469387763	0
-0.4487989505128276	1.5306122448979593	0
-0.4487989505128276	2.1428571428571423	1
-0.4487989505128276	2.7551020408163254	1
-0.4487989505128276	3.367346938775512	1
-0.4487989505128276	3.979591836734695	1
-0.4487989505128276	4.591836734693878	1
-0.4487989505128276	5.204081632653061	1
-0.4487989505128276	5.816326530612244	1
-0.4487989505128276	6.428571428571431	1
-0.4487989505128276	7.040816326530614	1
-0.4487989505128276	7.653061224489797	1
-0.4487989505128276	8.26530612244898	1
-0.4487989505128276	8.877551020408163	1
-0.4487989505128276	9.48979591836735	1
-0.4487989505128276	10.102040816326532	1
-0.4487989505128276	10.714285714285715	1
-0.4487989505128276	11.326530612244898	1
-0.4487989505128276	11.938775510204081	1
-0.4487989505128276	12.551020408163264	1
-0.4487989505128276	13.163265306122451	1
-0.4487989505128276	13.775510204081634	1
-0.4487989505128276	14.387755102040817	1
-0.4487989505128276	15.0	1
-0.32057067893773405	-15.0	1
-0.32057067893773405	-14.387755102040817	1
-0.32057067893773405	-13.775510204081632	1
-0.32057067893773405	-13.16326530612245	1
-0.32057067893773405	-12.551020408163264	1
-0.32057067893773405	-11.938775510204081	1
-0.32057067893773405	-11.326530612244898	1
-0.32057067893773405	-10.714285714285715	1
-0.32057067893773405	-10.10204081632653	1
-0.32057067893773405	-9.489795918367346	1
-0.32057067893773405	-8.877551020408163	1
-0.32057067893773405	-8.26530612244898	1
-0.32057067893773405	-7.653061224489796	1
-0.32057067893773405	-7.040816326530612	1
-0.32057067893773405	-6.428571428571429	1
-0.32057067893773405	-5.816326530612244	1
-0.32057067893773405	-5.204081632653061	1
-0.32057067893773405	-4.591836734693878	1
-0.32057067893773405	-3.979591836734693	1
-0.32057067893773405	-3.36734693877551	1
-0.32057067893773405	-2.7551020408163254	1
-0.32057067893773405	-2.1428571428571423	1
-0.32057067893773405	-1.5306122448979593	0
-0.32057067893773405	-0.9183673469387745	0
-0.32057067893773405	-0.3061224489795915	0
-0.32057067893773405	0.3061224489795915	0
-0.32057067893773405	0.9183673469387763	0
-0.32057067893773405	1.5306122448979593	0
-0.32057067893773405	2.1428571428571423	1
-0.32057067893773405	2.7551020408163254	1
-0.32057067893773405	3.367346938775512	1
-0.32057067893773405	3.979591836734695	1
-0.32057067893773405	4.591836734693878	1
-0.32057067893773405	5.204081632653061	1
-0.32057067893773405	5.816326530612244	1
-0.32057067893773405	6.428571428571431	1
-0.32057067893773405	7.040816326530614	1
-0.32057067893773405	7.653061224489797	1
-0.32057067893773405	8.26530612244898	1
-0.32057067893773405	8.877551020408163	1
-0.32057067893773405	9.48979591836735	1
-0.32057067893773405	10.102040816326532	1
-0.32057067893773405	10.714285714285715	1
-0.32057067893773405	11.326530612244898	1
-0.32057067893773405	11.938775510204081	1
-0.32057067893773405	12.551020408163264	1
-0.32057067893773405	13.163265306122451	1
-0.32057067893773405	13.775510204081634	1
-0.32057067893773405	14.387755102040817	1
-0.32057067893773405	15.0	1
-0.19234240736264052	-15.0	1
-0.19234240736264052	-14.387755102040817	1
-0.19234240736264052	-13.775510204081632	1
-0.19234240736264052	-13.16326530612245	1
-0.19234240736264052	-12.551020408163264	1
-0.19234240736264052	-11.938775510204081	1
-0.19234240736264052	-11.326530612244898	1
-0.19234240736264052	-10.714285714285715	1
-0.19234240736264052	-10.10204081632653	1
-0.19234240736264052	-9.489795918367346	1
-0.19234240736264052	-8.877551020408163	1
-0.19234240736264052	-8.26530612244898	1
-0.19234240736264052	-7.653061224489796	1
-0.19234240736264052	-7.040816326530612	1
-0.19234240736264052	-6.428571428571429	1
-0.19234240736264052	-5.816326530612244	1
-0.19234240736264052	-5.204081632653061	1
-0.19234240736264052	-4.591836734693878	1
-0.19234240736264052	-3.979591836734693	1
-0.19234240736264052	-3.36734693877551	1
-0.19234240736264052	-2.7551020408163254	1
-0.19234240736264052	-2.1428571428571423	1
-0.19234240736264052	-1.5306122448979593	0
-0.19234240736264052	-0.9183673469387745	0
-0.19234240736264052	-0.3061224489795915	0
-0.19234240736264052	0.3061224489795915	0
-0.19234240736264052	0.9183673469387763	0
-0.19234240736264052	1.5306122448979593	0
-0.19234240736264052	2.1428571428571423	1
-0.19234240736264052	2.7551020408163254	1
-0.19234240736264052	3.367346938775512	1
-0.19234240736264052	3.979591836734695	1
-0.19234240736264052	4.591836734693878	1
-0.19234240736264052	5.204081632653061	1
-0.19234240736264052	5.816326530612244	1
-0.19234240736264052	6.428571428571431	1
-0.19234240736264052	7.040816326530614	1
-0.19234240736264052	7.653061224489797	1
-0.19234240736264052	8.26530612244898	1
-0.19234240736264052	8.877551020408163	1
-0.19234240736264052	9.48979591836735	1
-0.19234240736264052	10.102040816326532	1
-0.19234240736264052	10.714285714285715	1
-0.19234240736264052	11.326530612244898	1
-0.19234240736264052	11.938775510204081	1
-0.19234240736264052	12.551020408163264	1
-0.19234240736264052	13.163265306122451	1
-0.19234240736264052	13.775510204081634	1
-0.19234240736264052	14.387755102040817	1
-0.19234240736264052	15.0	1
-0.06411413578754699	-15.0	1
-0.06411413578754699	-14.387755102040817	1
-0.06411413578754699	-13.775510204081632	1
-0.06411413578754699	-13.16326530612245	1
-0.06411413578754699	-12.551020408163264	1
-0.06411413578754699	-11.938775510204081	1
-0.06411413578754699	-11.326530612244898	1
-0.06411413578754699	-10.714285714285715	1
-0.06411413578754699	-10.10204081632653	1
-0.06411413578754699	-9.489795918367346	1
-0.06411413578754699	-8.877551020408163	1
-0.06411413578754699	-8.26530612244898	1
-0.06411413578754699	-7.653061224489796	1
-0.06411413578754699	-7.040816326530612	1
-0.06411413578754699	-6.428571428571429	1
-0.06411413578754699	-5.816326530612244	1
-0.06411413578754699	-5.204081632653061	1
-0.06411413578754699	-4.591836734693878	1
-0.06411413578754699	-3.979591836734693	1
-0.06411413578754699	-3.36734693877551	1
-0.06411413578754699	-2.7551020408163254	1
-0.06411413578754699	-2.1428571428571423	1
-0.06411413578754699	-1.5306122448979593	0
-0.06411413578754699	-0.9183673469387745	0
-0.06411413578754699	-0.3061224489795915	0
-0.06411413578754699	0.3061224489795915	0
-0.06411413578754699	0.9183673469387763	0
-0.06411413578754699	1.5306122448979593	0
-0.06411413578754699	2.1428571428571423	1
-0.06411413578754699	2.7551020408163254	1
-0.06411413578754699	3.367346938775512	1
-0.06411413578754699	3.979591836734695	1
-0.06411413578754699	4.591836734693878	1
-0.06411413578754699	5.204081632653061	1
-0.06411413578754699	5.816326530612244	1
-0.06411413578754699	6.428571428571431	1
-0.06411413578754699	7.040816326530614	1
-0.06411413578754699	7.653061224489797	1
-0.06411413578754699	8.26530612244898	1
-0.06411413578754699	8.877551020408163	1
-0.06411413578754699	9.48979591836735	1
-0.06411413578754699	10.102040816326532	1
-0.06411413578754699	10.714285714285715	1
-0.06411413578754699	11.326530612244898	1
-0.06411413578754699	11.938775510204081	1
-0.06411413578754699	12.551020408163264	1
-0.06411413578754699	13.163265306122451	1
-0.06411413578754699	13.775510204081634	1
-0.06411413578754699	14.387755102040817	1
-0.06411413578754699	15.0	1
0.06411413578754654	-15.0	1
0.06411413578754654	-14.387755102040817	1
0.06411413578754654	-13.775510204081632	1
0.06411413578754654	-13.16326530612245	1
0.06411413578754654	-12.551020408163264	1
0.06411413578754654	-11.938775510204081	1
0.06411413578754654	-11.326530612244898	1
0.06411413578754654	-10.714285714285715	1
0.06411413578754654	-10.10204081632653	1
0.06411413578754654	-9.489795918367346	1
0.06411413578754654	-8.877551020408163	1
0.06411413578754654	-8.26530612244898	1
0.06411413578754654	-7.653061224489796	1
0.06411413578754654	-7.040816326530612	1
0.06411413578754654	-6.428571428571429	1
0.06411413578754654	-5.816326530612244	1
0.06411413578754654	-5.204081632653061	1
0.06411413578754654	-4.591836734693878	1
0.06411413578754654	-3.979591836734693	1
0.06411413578754654	-3.36734693877551	1
0.06411413578754654	-2.7551020408163254	1
0.06411413578754654	-2.1428571428571423	1
0.06411413578754654	-1.5306122448979593	0
0.06411413578754654	-0.9183673469387745	0
0.06411413578754654	-0.3061224489795915	0
0.06411413578754654	0.3061224489795915	0
0.06411413578754654	0.9183673469387763	0
0.06411413578754654	1.5306122448979593	0
0.06411413578754654	2.1428571428571423	1
0.06411413578754654	2.7551020408163254	1
0.06411413578754654	3.367346938775512	1
0.06411413578754654	3.979591836734695	1
0.06411413578754654	4.591836734693878	1
0.06411413578754654	5.204081632653061	1
0.06411413578754654	5.816326530612244	1
0.06411413578754654	6.428571428571431	1
0.06411413578754654	7.040816326530614	1
0.06411413578754654	7.653061224489797	1
0.06411413578754654	8.26530612244898	1
0.06411413578754654	8.877551020408163	1
0.06411413578754654	9.48979591836735	1
0.06411413578754654	10.102040816326532	1
0.06411413578754654	10.714285714285715	1
0.06411413578754654	11.326530612244898	1
0.06411413578754654	11.938775510204081	1
0.06411413578754654	12.551020408163264	1
0.06411413578754654	13.163265306122451	1
0.06411413578754654	13.775510204081634	1
0.06411413578754654	14.387755102040817	1
0.06411413578754654	15.0	1
0.19234240736264008	-15.0	1
0.19234240736264008	-14.387755102040817	1
0.19234240736264008	-13.775510204081632	1
0.19234240736264008	-13.16326530612245	1
0.19234240736264008	-12.551020408163264	1
0.19234240736264008	-11.938775510204081	1
0.19234240736264008	-11.326530612244898	1
0.19234240736264008	-10.714285714285715	1
0.19234240736264008	-10.10204081632653	1
0.19234240736264008	-9.489795918367346	1
0.19234240736264008	-8.877551020408163	1
0.19234240736264008	-8.26530612244898	1
0.19234240736264008	-7.653061224489796	1
0.19234240736264008	-7.040816326530612	1
0.19234240736264008	-6.428571428571429	1
0.19234240736264008	-5.816326530612244	1
0.19234240736264008	-5.204081632653061	1
0.19234240736264008	-4.591836734693878	1
0.19234240736264008	-3.979591836734693	1
0.19234240736264008	-3.36734693877551	1
0.19234240736264008	-2.7551020408163254	1
0.19234240736264008	-2.1428571428571423	1
0.19234240736264008	-1.5306122448979593	0
0.19234240736264008	-0.9183673469387745	0
0.19234240736264008	-0.3061224489795915	0
0.19234240736264008	0.3061224489795915	0
0.19234240736264008	0.9183673469387763	0
0.19234240736264008	1.5306122448979593	0
0.19234240736264008	2.1428571428571423	1
0.19234240736264008	2.7551020408163254	1
0.19234240736264008	3.367346938775512	1
0.19234240736264008	3.979591836734695	1
0.19234240736264008	4.591836734693878	1
0.19234240736264008	5.204081632653061	1
0.19234240736264008	5.816326530612244	1
0.19234240736264008	6.428571428571431	1
0.19234240736264008	7.040816326530614	1
0.19234240736264008	7.653061224489797	1
0.19234240736264008	8.26530612244898	1
0.19234240736264008	8.877551020408163	1
0.19234240736264008	9.48979591836735	1
0.19234240736264008	10.102040816326532	1
0.19234240736264008	10.714285714285715	1
0.19234240736264008	11.326530612244898	1
0.19234240736264008	11.938775510204081	1
0.19234240736264008	12.551020408163264	1
0.19234240736264008	13.163265306122451	1
0.19234240736264008	13.775510204081634	1
0.19234240736264008	14.387755102040817	1
0.19234240736264008	15.0	1
0.3205706789377336	-15.0	1
0.3205706789377336	-14.387755102040817	1
0.3205706789377336	-13.775510204081632	1
0.3205706789377336	-13.16326530612245	1
0.3205706789377336	-12.551020408163264	1
0.3205706789377336	-11.938775510204081	1
0.3205706789377336	-11.326530612244898	1
0.3205706789377336	-10.714285714285715	1
0.3205706789377336	-10.10204081632653	1
0.3205706789377336	-9.489795918367346	1
0.3205706789377336	-8.877551020408163	1
0.3205706789377336	-8.26530612244898	1
0.3205706789377336	-7.653061224489796	1
0.3205706789377336	-7.040816326530612	1
0.3205706789377336	-6.428571428571429	1
0.3205706789377336	-5.816326530612244	1
0.3205706789377336	-5.204081632653061	1
0.3205706789377336	-4.591836734693878	1
0.3205706789377336	-3.979591836734693	1
0.3205706789377336	-3.36734693877551	1
0.3205706789377336	-2.7551020408163254	1
0.3205706789377336	-2.1428571428571423	1
0.3205706789377336	-1.5306122448979593	0
0.3205706789377336	-0.9183673469387745	0
0.3205706789377336	-0.3061224489795915	0
0.3205706789377336	0.3061224489795915	0
0.3205706789377336	0.9183673469387763	0
0.3205706789377336	1.5306122448979593	0
0.3205706789377336	2.1428571428571423	1
0.3205706789377336	2.7551020408163254	1
0.3205706789377336	3.367346938775512	1
0.3205706789377336	3.979591836734695	1
0.3205706789377336	4.591836734693878	1
0.3205706789377336	5.204081632653061	1
0.3205706789377336	5.816326530612244	1
0.3205706789377336	6.428571428571431	1
0.3205706789377336	7.040816326530614	1
0.3205706789377336	7.653061224489797	1
0.3205706789377336	8.26530612244898	1
0.3205706789377336	8.877551020408163	1
0.3205706789377336	9.48979591836735	1
0.3205706789377336	10.102040816326532	1
0.3205706789377336	10.714285714285715	1
0.3205706789377336	11.326530612244898	1
0.3205706789377336	11.938775510204081	1
0.3205706789377336	12.551020408163264	1
0.3205706789377336	13.163265306122451	1
0.3205706789377336	13.775510204081634	1
0.3205706789377336	14.387755102040817	1
0.3205706789377336	15.0	1
0.4487989505128276	-15.0	1
0.4487989505128276	-14.387755102040817	1
0.4487989505128276	-13.775510204081632	1
0.4487989505128276	-13.16326530612245	1
0.4487989505128276	-12.551020408163264	1
0.4487989505128276	-11.938775510204081	1
0.4487989505128276	-11.326530612244898	1
0.4487989505128276	-10.714285714285715	1
0.4487989505128276	-10.10204081632653	1
0.4487989505128276	-9.489795918367346	1
0.4487989505128276	-8.877551020408163	1
0.4487989505128276	-8.26530612244898	1
0.4487989505128276	-7.653061224489796	1
0.4487989505128276	-7.040816326530612	1
0.4487989505128276	-6.428571428571429	1
0.4487989505128276	-5.816326530612244	1
0.4487989505128276	-5.204081632653061	1
0.4487989505128276	-4.591836734693878	1
0.4487989505128276	-3.979591836734693	1
0.4487989505128276	-3.36734693877551	1
0.4487989505128276	-2.7551020408163254	1
0.4487989505128276	-2.1428571428571423	1
0.4487989505128276	-1.5306122448979593	0
0.4487989505128276	-0.9183673469387745	0
0.4487989505128276	-0.3061224489795915	0
0.4487989505128276	0.3061224489795915	0
0.4487989505128276	0.9183673469387763	0
0.4487989505128276	1.5306122448979593	0
0.4487989505128276	2.1428571428571423	1
0.4487989505128276	2.7551020408163254	1
0.4487989505128276	3.367346938775512	1
0.4487989505128276	3.979591836734695	1
0.4487989505128276	4.591836734693878	1
0.4487989505128276	5.204081632653061	1
0.4487989505128276	5.816326530612244	1
0.4487989505128276	6.428571428571431	1
0.4487989505128276	7.040816326530614	1
0.4487989505128276	7.653061224489797	1
0.4487989505128276	8.26530612244898	1
0.4487989505128276	8.877551020408163	1
0.4487989505128276	9.48979591836735	1
0.4487989505128276	10.102040816326532	1
0.4487989505128276	10.714285714285715	1
0.4487989505128276	11.326530612244898	1
0.4487989505128276	11.938775510204081	1
0.4487989505128276	12.551020408163264	1
0.4487989505128276	13.163265306122451	1
0.4487989505128276	13.775510204081634	1
0.4487989505128276	14.387755102040817	1
0.4487989505128276	15.0	1
0.5770272220879211	-15.0	1
0.5770272220879211	-14.387755102040817	1
0.5770272220879211	-13.775510204081632	1
0.5770272220879211	-13.16326530612245	1
0.5770272220879211	-12.551020408163264	1
0.5770272220879211	-11.938775510204081	1
0.5770272220879211	-11.326530612244898	1
0.5770272220879211	-10.714285714285715	1
0.5770272220879211	-10.10204081632653	1
0.5770272220879211	-9.489795918367346	1
0.5770272220879211	-8.877551020408163	1
0.5770272220879211	-8.26530612244898	1
0.5770272220879211	-7.653061224489796	1
0.5770272220879211	-7.040816326530612	1
0.5770272220879211	-6.428571428571429	1
0.5770272220879211	-5.816326530612244	1
0.5770272220879211	-5.204081632653061	1
0.5770272220879211	-4.591836734693878	1
0.5770272220879211	-3.979591836734693	1
0.5770272220879211	-3.36734693877551	1
0.5770272220879211	-2.7551020408163254	1
0.5770272220879211	-2.1428571428571423	1
0.5770272220879211	-1.5306122448979593	0
0.5770272220879211	-0.9183673469387745	0
0.5770272220879211	-0.3061224489795915	0
0.5770272220879211	0.3061224489795915	0
0.5770272220879211	0.9183673469387763	0
0.5770272220879211	1.5306122448979593	0
0.5770272220879211	2.1428571428571423	1
0.5770272220879211	2.7551020408163254	1
0.5770272220879211	3.367346938775512	1
0.5770272220879211	3.979591836734695	1
0.5770272220879211	4.591836734693878	1
0.5770272220879211	5.204081632653061	1
0.5770272220879211	5.816326530612244	1
0.5770272220879211	6.428571428571431	1
0.5770272220879211	7.040816326530614	1
0.5770272220879211	7.653061224489797	1
0.5770272220879211	8.26530612244898	1
0.5770272220879211	8.877551020408163	1
0.5770272220879211	9.48979591836735	1
0.5770272220879211	10.102040816326532	1
0.5770272220879211	10.714285714285715	1
0.5770272220879211	11.326530612244898	1
0.5770272220879211	11.938775510204081	1
0.5770272220879211	12.551020408163264	1
0.5770272220879211	13.163265306122451	1
0.5770272220879211	13.775510204081634	1
0.5770272220879211	14.387755102040817	1
0.5770272220879211	15.0	1
0.7052554936630147	-15.0	1
0.7052554936630147	-14.387755102040817	1
0.7052554936630147	-13.775510204081632	1
0.7052554936630147	-13.16326530612245	1
0.7052554936630147	-12.551020408163264	1
0.7052554936630147	-11.938775510204081	1
0.7052554936630147	-11.326530612244898	1
0.7052554936630147	-10.714285714285715	1
0.7052554936630147	-10.10204081632653	1
0.7052554936630147	-9.489795918367346	1
0.7052554936630147	-8.877551020408163	1
0.7052554936630147	-8.26530612244898	1
0.7052554936630147	-7.653061224489796	1
0.7052554936630147	-7.040816326530612	1
0.7052554936630147	-6.428571428571429	1
0.7052554936630147	-5.816326530612244	1
0.7052554936630147	-5.204081632653061	1
0.7052554936630147	-4.591836734693878	1
0.7052554936630147	-3.979591836734693	1
0.7052554936630147	-3.36734693877551	1
0.7052554936630147	-2.7551020408163254	1
0.7052554936630147	-2.1428571428571423	1
0.7052554936630147	-1.5306122448979593	0
0.7052554936630147	-0.9183673469387745	0
0.7052554936630147	-0.3061224489795915	0
0.7052554936630147	0.3061224489795915	0
0.7052554936630147	0.9183673469387763	0
0.7052554936630147	1.5306122448979593	0
0.7052554936630147	2.1428571428571423	1
0.7052554936630147	2.7551020408163254	1
0.7052554936630147	3.367346938775512	1
0.7052554936630147	3.979591836734695	1
0.7052554936630147	4.591836734693878	1
0.7052554936630147	5.204081632653061	1
0.7052554936630147	5.816326530612244	1
0.7052554936630147	6.428571428571431	1
0.7052554936630147	7.040816326530614	1
0.7052554936630147	7.653061224489797	1
0.7052554936630147	8.26530612244898	1
0.7052554936630147	8.877551020408163	1
0.7052554936630147	9.48979591836735	1
0.7052554936630147	10.102040816326532	1
0.7052554936630147	10.714285714285715	1
0.7052554936630147	11.326530612244898	1
0.7052554936630147	11.938775510204081	1
0.7052554936630147	12.551020408163264	1
0.7052554936630147	13.163265306122451	1
0.7052554936630147	13.775510204081634	1
0.7052554936630147	14.387755102040817	1
0.7052554936630147	15.0	1
0.8334837652381082	-15.0	1
0.8334837652381082	-14.387755102040817	1
0.8334837652381082	-13.775510204081632	1
0.8334837652381082	-13.16326530612245	1
0.8334837652381082	-12.551020408163264	1
0.8334837652381082	-11.938775510204081	1
0.8334837652381082	-11.326530612244898	1
0.8334837652381082	-10.714285714285715	1
0.8334837652381082	-10.10204081632653	1
0.8334837652381082	-9.489795918367346	1
0.8334837652381082	-8.877551020408163	1
0.8334837652381082	-8.26530612244898	1
0.8334837652381082	-7.653061224489796	1
0.8334837652381082	-7.040816326530612	1
0.8334837652381082	-6.428571428571429	1
0.8334837652381082	-5.816326530612244	1
0.8334837652381082	-5.204081632653061	1
0.8334837652381082	-4.591836734693878	1
0.8334837652381082	-3.979591836734693	1
0.8334837652381082	-3.36734693877551	1
0.8334837652381082	-2.7551020408163254	1
0.8334837652381082	-2.1428571428571423	1
0.8334837652381082	-1.5306122448979593	0
0.8334837652381082	-0.9183673469387745	0
0.8334837652381082	-0.3061224489795915	0
0.8334837652381082	0.3061224489795915	0
0.8334837652381082	0.9183673469387763	0
0.8334837652381082	1.5306122448979593	0
0.8334837652381082	2.1428571428571423	1
0.8334837652381082	2.7551020408163254	1
0.8334837652381082	3.367346938775512	1
0.8334837652381082	3.979591836734695	1
0.8334837652381082	4.591836734693878	1
0.8334837652381082	5.204081632653061	1
0.8334837652381082	5.816326530612244	1
0.8334837652381082	6.428571428571431	1
0.8334837652381082	7.040816326530614	1
0.8334837652381082	7.653061224489797	1
0.8334837652381082	8.26530612244898	1
0.8334837652381082	8.877551020408163	1
0.8334837652381082	9.48979591836735	1
0.8334837652381082	10.102040816326532	1
0.8334837652381082	10.714285714285715	1
0.8334837652381082	11.326530612244898	1
0.8334837652381082	11.938775510204081	1
0.8334837652381082	12.551020408163264	1
0.8334837652381082	13.163265306122451	1
0.8334837652381082	13.775510204081634	1
0.8334837652381082	14.387755102040817	1
0.8334837652381082	15.0	1
0.9617120368132017	-15.0	1
0.9617120368132017	-14.387755102040817	1
0.9617120368132017	-13.775510204081632	1
0.9617120368132017	-13.16326530612245	1
0.9617120368132017	-12.551020408163264	1
0.9617120368132017	-11.938775510204081	1
0.9617120368132017	-11.326530612244898	1
0.9617120368132017	-10.714285714285715	1
0.9617120368132017	-10.10204081632653	1
0.9617120368132017	-9.489795918367346	1
0.9617120368132017	-8.877551020408163	1
0.9617120368132017	-8.26530612244898	1
0.9617120368132017	-7.653061224489796	1
0.9617120368132017	-7.040816326530612	1
0.9617120368132017	-6.428571428571429	1
0.9617120368132017	-5.816326530612244	1
0.9617120368132017	-5.204081632653061	1
0.9617120368132017	-4.591836734693878	1
0.9617120368132017	-3.979591836734693	1
0.9617120368132017	-3.36734693877551	1
0.9617120368132017	-2.7551020408163254	1
0.9617120368132017	-2.1428571428571423	1
0.9617120368132017	-1.5306122448979593	0
0.9617120368132017	-0.9183673469387745	0
0.9617120368132017	-0.3061224489795915	0
0.9617120368132017	0.3061224489795915	0
0.9617120368132017	0.9183673469387763	0
0.9617120368132017	1.5306122448979593	0
0.9617120368132017	2.1428571428571423	1
0.9617120368132017	2.7551020408163254	1
0.9617120368132017	3.367346938775512	1
0.9617120368132017	3.979591836734695	1
0.9617120368132017	4.591836734693878	1
0.9617120368132017	5.204081632653061	1
0.9617120368132017	5.816326530612244	1
0.9617120368132017	6.428571428571431	1
0.9617120368132017	7.040816326530614	1
0.9617120368132017	7.653061224489797	1
0.9617120368132017	8.26530612244898	1
0.9617120368132017	8.877551020408163	1
0.9617120368132017	9.48979591836735	1
0.9617120368132017	10.102040816326532	1
0.9617120368132017	10.714285714285715	1
0.9617120368132017	11.326530612244898	1
0.9617120368132017	11.938775510204081	1
0.9617120368132017	12.551020408163264	1
0.9617120368132017	13.163265306122451	1
0.9617120368132017	13.775510204081634	1
0.9617120368132017	14.387755102040817	1
0.9617120368132017	15.0	1
1.0899403083882957	-15.0	1
1.0899403083882957	-14.387755102040817	1
1.0899403083882957	-13.775510204081632	1
1.0899403083882957	-13.16326530612245	1
1.0899403083882957	-12.551020408163264	1
1.0899403083882957	-11.938775510204081	1
1.0899403083882957	-11.326530612244898	1
1.0899403083882957	-10.714285714285715	1
1.0899403083882957	-10.10204081632653	1
1.0899403083882957	-9.489795918367346	1
1.0899403083882957	-8.877551020408163	1
1.0899403083882957	-8.26530612244898	1
1.0899403083882957	-7.653061224489796	1
1.0899403083882957	-7.040816326530612	1
1.0899403083882957	-6.428571428571429	1
1.0899403083882957	-5.816326530612244	1
1.0899403083882957	-5.204081632653061	1
1.0899403083882957	-4.591836734693878	1
1.0899403083882957	-3.979591836734693	1
1.0899403083882957	-3.36734693877551	1
1.0899403083882957	-2.7551020408163254	1
1.0899403083882957	-2.1428571428571423	1
1.0899403083882957	-1.5306122448979593	0
1.0899403083882957	-0.9183673469387745	0
1.0899403083882957	-0.3061224489795915	0
1.0899403083882957	0.3061224489795915	0
1.0899403083882957	0.9183673469387763	0
1.0899403083882957	1.5306122448979593	0
1.0899403083882957	2.1428571428571423	1
1.0899403083882957	2.7551020408163254	1
1.0899403083882957	3.367346938775512	1
1.0899403083882957	3.979591836734695	1
1.0899403083882957	4.591836734693878	1
1.0899403083882957	5.204081632653061	1
1.0899403083882957	5.816326530612244	1
1.0899403083882957	6.428571428571431	1
1.0899403083882957	7.040816326530614	1
1.0899403083882957	7.653061224489797	1
1.0899403083882957	8.26530612244898	1
1.0899403083882957	8.877551020408163	1
1.0899403083882957	9.48979591836735	1
1.0899403083882957	10.102040816326532	1
1.0899403083882957	10.714285714285715	1
1.0899403083882957	11.326530612244898	1
1.0899403083882957	11.938775510204081	1
1.0899403083882957	12.551020408163264	1
1.0899403083882957	13.163265306122451	1
1.0899403083882957	13.775510204081634	1
1.0899403083882957	14.387755102040817	1
1.0899403083882957	15.0	1
1.2181685799633888	-15.0	1
1.2181685799633888	-14.387755102040817	1
1.2181685799633888	-13.775510204081632	1
1.2181685799633888	-13.16326530612245	1
1.2181685799633888	-12.551020408163264	1
1.2181685799633888	-11.938775510204081	1
1.2181685799633888	-11.326530612244898	1
1.2181685799633888	-10.714285714285715	1
1.2181685799633888	-10.10204081632653	1
1.2181685799633888	-9.489795918367346	1
1.2181685799633888	-8.877551020408163	1
1.2181685799633888	-8.26530612244898	1
1.2181685799633888	-7.653061224489796	1
1.2181685799633888	-7.040816326530612	1
1.2181685799633888	-6.428571428571429	1
1.2181685799633888	-5.816326530612244	1
1.2181685799633888	-5.204081632653061	1
1.2181685799633888	-4.591836734693878	1
1.2181685799633888	-3.979591836734693	1
1.2181685799633888	-3.36734693877551	1
1.2181685799633888	-2.7551020408163254	1
1.2181685799633888	-2.1428571428571423	1
1.2181685799633888	-1.5306122448979593	0
1.2181685799633888	-0.9183673469387745	0
1.2181685799633888	-0.3061224489795915	0
1.2181685799633888	0.3061224489795915	0
1.2181685799633888	0.9183673469387763	0
1.2181685799633888	1.5306122448979593	0
1.2181685799633888	2.1428571428571423	1
1.2181685799633888	2.7551020408163254	1
1.2181685799633888	3.367346938775512	1
1.2181685799633888	3.979591836734695	1
1.2181685799633888	4.591836734693878	1
1.2181685799633888	5.204081632653061	1
1.2181685799633888	5.816326530612244	1
1.2181685799633888	6.428571428571431	1
1.2181685799633888	7.040816326530614	1
1.2181685799633888	7.653061224489797	1
1.2181685799633888	8.26530612244898	1
1.2181685799633888	8.877551020408163	1
1.2181685799633888	9.48979591836735	1
1.2181685799633888	10.102040816326532	1
1.2181685799633888	10.714285714285715	1
1.2181685799633888	11.326530612244898	1
1.2181685799633888	11.938775510204081	1
1.2181685799633888	12.551020408163264	1
1.2181685799633888	13.163265306122451	1
1.2181685799633888	13.775510204081634	1
1.2181685799633888	14.387755102040817	1
1.2181685799633888	15.0	1
1.3463968515384828	-15.0	1
1.3463968515384828	-14.387755102040817	1
1.3463968515384828	-13.775510204081632	1
1.3463968515384828	-13.16326530612245	1
1.3463968515384828	-12.551020408163264	1
1.3463968515384828	-11.938775510204081	1
1.3463968515384828	-11.326530612244898	1
1.3463968515384828	-10.714285714285715	1
1.3463968515384828	-10.10204081632653	1
1.3463968515384828	-9.489795918367346	1
1.3463968515384828	-8.877551020408163	1
1.3463968515384828	-8.26530612244898	1
1.3463968515384828	-7.653061224489796	1
1.3463968515384828	-7.040816326530612	1
1.3463968515384828	-6.428571428571429	1
1.3463968515384828	-5.816326530612244	1
1.3463968515384828	-5.204081632653061	1
1.3463968515384828	-4.591836734693878	1
1.3463968515384828	-3.979591836734693	1
1.3463968515384828	-3.36734693877551	1
1.3463968515384828	-2.7551020408163254	1
1.3463968515384828	-2.1428571428571423	1
1.3463968515384828	-1.5306122448979593	0
1.3463968515384828	-0.9183673469387745	0
1.3463968515384828	-0.3061224489795915	0
1.3463968515384828	0.3061224489795915	0
1.3463968515384828	0.9183673469387763	0
1.3463968515384828	1.5306122448979593	0
1.3463968515384828	2.1428571428571423	1
1.3463968515384828	2.7551020408163254	1
1.3463968515384828	3.367346938775512	1
1.3463968515384828	3.979591836734695	1
1.3463968515384828	4.591836734693878	1
1.3463968515384828	5.204081632653061	1
1.3463968515384828	5.816326530612244	1
1.3463968515384828	6.428571428571431	1
1.3463968515384828	7.040816326530614	1
1.3463968515384828	7.653061224489797	1
1.3463968515384828	8.26530612244898	1
1.3463968515384828	8.877551020408163	1
1.3463968515384828	9.48979591836735	1
1.3463968515384828	10.102040816326532	1
1.3463968515384828	10.714285714285715	1
1.3463968515384828	11.326530612244898	1
1.3463968515384828	11.938775510204081	1
1.3463968515384828	12.551020408163264	1
1.3463968515384828	13.163265306122451	1
1.3463968515384828	13.775510204081634	1
1.3463968515384828	14.387755102040817	1
1.3463968515384828	15.0	1
1.4746251231135759	-15.0	1
1.4746251231135759	-14.387755102040817	1
1.4746251231135759	-13.775510204081632	1
1.4746251231135759	-13.16326530612245	1
1.4746251231135759	-12.551020408163264	1
1.4746251231135759	-11.938775510204081	1
1.4746251231135759	-11.326530612244898	1
1.4746251231135759	-10.714285714285715	1
1.4746251231135759	-10.10204081632653	1
1.4746251231135759	-9.489795918367346	1
1.4746251231135759	-8.877551020408163	1
1.4746251231135759	-8.26530612244898	1
1.4746251231135759	-7.653061224489796	1
1.4746251231135759	-7.040816326530612	1
1.4746251231135759	-6.428571428571429	1
1.4746251231135759	-5.816326530612244	1
1.4746251231135759	-5.204081632653061	1
1.4746251231135759	-4.591836734693878	1
1.4746251231135759	-3.979591836734693	1
1.4746251231135759	-3.36734693877551	1
1.4746251231135759	-2.7551020408163254	1
1.4746251231135759	-2.1428571428571423	1
1.4746251231135759	-1.5306122448979593	1
1.4746251231135759	-0.9183673469387745	0
1.4746251231135759	-0.3061224489795915	0
1.4746251231135759	0.3061224489795915	0
1.4746251231135759	0.9183673469387763	0
1.4746251231135759	1.5306122448979593	1
1.4746251231135759	2.1428571428571423	1
1.4746251231135759	2.7551020408163254	1
1.4746251231135759	3.367346938775512	1
1.4746251231135759	3.979591836734695	1
1.4746251231135759	4.591836734693878	1
1.4746251231135759	5.204081632653061	1
1.4746251231135759	5.816326530612244	1
1.4746251231135759	6.428571428571431	1
1.4746251231135759	7.040816326530614	1
1.4746251231135759	7.653061224489797	1
1.4746251231135759	8.26530612244898	1
1.4746251231135759	8.877551020408163	1
1.4746251231135759	9.48979591836735	1
1.4746251231135759	10.102040816326532	1
1.4746251231135759	10.714285714285715	1
1.4746251231135759	11.326530612244898	1
1.4746251231135759	11.938775510204081	1
1.4746251231135759	12.551020408163264	1
1.4746251231135759	13.163265306122451	1
1.4746251231135759	13.775510204081634	1
1.4746251231135759	14.387755102040817	1
1.4746251231135759	15.0	1
1.6028533946886698	-15.0	1
1.6028533946886698	-14.387755102040817	1
1.6028533946886698	-13.775510204081632	1
1.6028533946886698	-13.16326530612245	1
1.6028533946886698	-12.551020408163264	1
1.6028533946886698	-11.938775510204081	1
1.6028533946886698	-11.326530612244898	1
1.6028533946886698	-10.714285714285715	1
1.6028533946886698	-10.10204081632653	1
1.6028533946886698	-9.489795918367346	1
1.6028533946886698	-8.877551020408163	1
1.6028533946886698	-8.26530612244898	1
1.6028533946886698	-7.653061224489796	1
1.6028533946886698	-7.040816326530612	1
1.6028533946886698	-6.428571428571429	1
1.6028533946886698	-5.816326530612244	1
1.6028533946886698	-5.204081632653061	1
1.6028533946886698	-4.591836734693878	1
1.6028533946886698	-3.979591836734693	1
1.6028533946886698	-3.36734693877551	1
1.6028533946886698	-2.7551020408163254	1
1.6028533946886698	-2.1428571428571423	1
1.6028533946886698	-1.5306122448979593	1
1.6028533946886698	-0.9183673469387745	0
1.6028533946886698	-0.3061224489795915	0
1.6028533946886698	0.3061224489795915	0
1.6028533946886698	0.9183673469387763	0
1.6028533946886698	1.5306122448979593	1
1.6028533946886698	2.1428571428571423	1
1.6028533946886698	2.7551020408163254	1
1.6028533946886698	3.367346938775512	1
1.6028533946886698	3.979591836734695	1
1.6028533946886698	4.591836734693878	1
1.6028533946886698	5.204081632653061	1
1.6028533946886698	5.816326530612244	1
1.6028533946886698	6.428571428571431	1
1.6028533946886698	7.040816326530614	1
1.6028533946886698	7.653061224489797	1
1.6028533946886698	8.26530612244898	1
1.6028533946886698	8.877551020408163	1
1.6028533946886698	9.48979591836735	1
1.6028533946886698	10.102040816326532	1
1.6028533946886698	10.714285714285715	1
1.6028533946886698	11.326530612244898	1
1.6028533946886698	11.938775510204081	1
1.6028533946886698	12.551020408163264	1
1.6028533946886698	13.163265306122451	1
1.6028533946886698	13.775510204081634	1
1.6028533946886698	14.387755102040817	1
1.6028533946886698	15.0	1
1.731081666263763	-15.0	1
1.731081666263763	-14.387755102040817	1
1.731081666263763	-13.775510204081632	1
1.731081666263763	-13.16326530612245	1
1.731081666263763	-12.551020408163264	1
1.731081666263763	-11.938775510204081	1
1.731081666263763	-11.326530612244898	1
1.731081666263763	-10.714285714285715	1
1.731081666263763	-10.10204081632653	1
1.731081666263763	-9.489795918367346	1
1.731081666263763	-8.877551020408163	1
1.731081666263763	-8.26530612244898	1
1.731081666263763	-7.653061224489796	1
1.731081666263763	-7.040816326530612	1
1.731081666263763	-6.428571428571429	1
1.731081666263763	-5.816326530612244	1
1.731081666263763	-5.204081632653061	1
1.731081666263763	-4.591836734693878	1
1.731081666263763	-3.979591836734693	1
1.731081666263763	-3.36734693877551	1
1.731081666263763	-2.7551020408163254	1
1.731081666263763	-2.1428571428571423	1
1.731081666263763	-1.5306122448979593	1
1.731081666263763	-0.9183673469387745	0
1.731081666263763	-0.3061224489795915	0
1.731081666263763	0.3061224489795915	0
1.731081666263763	0.9183673469387763	0
1.731081666263763	1.5306122448979593	1
1.731081666263763	2.1428571428571423	1
1.731081666263763	2.7551020408163254	1
1.731081666263763	3.367346938775512	1
1.731081666263763	3.979591836734695	1
1.731081666263763	4.591836734693878	1
1.731081666263763	5.204081632653061	1
1.731081666263763	5.816326530612244	1
1.731081666263763	6.428571428571431	1
1.731081666263763	7.040816326530614	1
1.731081666263763	7.653061224489797	1
1.731081666263763	8.26530612244898	1
1.731081666263763	8.877551020408163	1
1.731081666263763	9.48979591836735	1
1.731081666263763	10.102040816326532	1
1.731081666263763	10.714285714285715	1
1.731081666263763	11.326530612244898	1
1.731081666263763	11.938775510204081	1
1.731081666263763	12.551020408163264	1
1.731081666263763	13.163265306122451	1
1.731081666263763	13.775510204081634	1
1.731081666263763	14.387755102040817	1
1.731081666263763	15.0	1
1.859309937838857	-15.0	1
1.859309937838857	-14.387755102040817	1
1.859309937838857	-13.775510204081632	1
1.859309937838857	-13.16326530612245	1
1.859309937838857	-12.551020408163264	1
1.859309937838857	-11.938775510204081	1
1.859309937838857	-11.326530612244898	1
1.859309937838857	-10.714285714285715	1
1.859309937838857	-10.10204081632653	1
1.859309937838857	-9.489795918367346	1
1.859309937838857	-8.877551020408163	1
1.859309937838857	-8.26530612244898	1
1.859309937838857	-7.653061224489796	1
1.859309937838857	-7.040816326530612	1
1.859309937838857	-6.428571428571429	1
1.859309937838857	-5.816326530612244	1
1.859309937838857	-5.204081632653061	1
1.859309937838857	-4.591836734693878	1
1.859309937838857	-3.979591836734693	1
1.859309937838857	-3.36734693877551	1
1.859309937838857	-2.7551020408163254	1
1.859309937838857	-2.1428571428571423	1
1.859309937838857	-1.5306122448979593	1
1.859309937838857	-0.9183673469387745	0
1.859309937838857	-0.3061224489795915	0
1.859309937838857	0.3061224489795915	0
1.859309937838857	0.9183673469387763	0
1.859309937838857	1.5306122448979593	1
1.859309937838857	2.1428571428571423	1
1.859309937838857	2.7551020408163254	1
1.859309937838857	3.367346938775512	1
1.859309937838857	3.979591836734695	1
1.859309937838857	4.591836734693878	1
1.859309937838857	5.204081632653061	1
1.859309937838857	5.816326530612244	1
1.859309937838857	6.428571428571431	1
1.859309937838857	7.040816326530614	1
1.859309937838857	7.653061224489797	1
1.859309937838857	8.26530612244898	1
1.859309937838857	8.877551020408163	1
1.859309937838857	9.48979591836735	1
1.859309937838857	10.102040816326532	1
1.859309937838857	10.714285714285715	1
1.859309937838857	11.326530612244898	1
1.859309937838857	11.938775510204081	1
1.859309937838857	12.551020408163264	1
1.859309937838857	13.163265306122451	1
1.859309937838857	13.775510204081634	1
1.859309937838857	14.387755102040817	1
1.859309937838857	15.0	1
1.98753820941395	-15.0	1
1.98753820941395	-14.387755102040817	1
1.98753820941395	-13.775510204081632	1
1.98753820941395	-13.16326530612245	1
1.98753820941395	-12.551020408163264	1
1.98753820941395	-11.938775510204081	1
1.98753820941395	-11.326530612244898	1
1.98753820941395	-10.714285714285715	1
1.98753820941395	-10.10204081632653	1
1.98753820941395	-9.489795918367346	1
1.98753820941395	-8.877551020408163	1
1.98753820941395	-8.26530612244898	1
1.98753820941395	-7.653061224489796	1
1.98753820941395	-7.040816326530612	1
1.98753820941395	-6.428571428571429	1
1.98753820941395	-5.816326530612244	1
1.98753820941395	-5.204081632653061	1
1.98753820941395	-4.591836734693878	1
1.98753820941395	-3.979591836734693	1
1.98753820941395	-3.36734693877551	1
1.98753820941395	-2.7551020408163254	1
1.98753820941395	-2.1428571428571423	1
1.98753820941395	-1.5306122448979593	1
1.98753820941395	-0.9183673469387745	0
1.98753820941395	-0.3061224489795915	0
1.98753820941395	0.3061224489795915	0
1.98753820941395	0.9183673469387763	0
1.98753820941395	1.5306122448979593	1
1.98753820941395	2.1428571428571423	1
1.98753820941395	2.7551020408163254	1
1.98753820941395	3.367346938775512	1
1.98753820941395	3.979591836734695	1
1.98753820941395	4.591836734693878	1
1.98753820941395	5.204081632653061	1
1.98753820941395	5.816326530612244	1
1.98753820941395	6.428571428571431	1
1.98753820941395	7.040816326530614	1
1.98753820941395	7.653061224489797	1
1.98753820941395	8.26530612244898	1
1.98753820941395	8.877551020408163	1
1.98753820941395	9.48979591836735	1
1.98753820941395	10.102040816326532	1
1.98753820941395	10.714285714285715	1
1.98753820941395	11.326530612244898	1
1.98753820941395	11.938775510204081	1
1.98753820941395	12.551020408163264	1
1.98753820941395	13.163265306122451	1
1.98753820941395	13.775510204081634	1
1.98753820941395	14.387755102040817	1
1.98753820941395	15.0	1
2.115766480989044	-15.0	1
2.115766480989044	-14.387755102040817	1
2.115766480989044	-13.775510204081632	1
2.115766480989044	-13.16326530612245	1
2.115766480989044	-12.551020408163264	1
2.115766480989044	-11.938775510204081	1
2.115766480989044	-11.326530612244898	1
2.115766480989044	-10.714285714285715	1
2.115766480989044	-10.10204081632653	1
2.115766480989044	-9.489795918367346	1
2.115766480989044	-8.877551020408163	1
2.115766480989044	-8.26530612244898	1
2.115766480989044	-7.653061224489796	1
2.115766480989044	-7.040816326530612	1
2.115766480989044	-6.428571428571429	1
2.115766480989044	-5.816326530612244	1
2.115766480989044	-5.204081632653061	1
2.115766480989044	-4.591836734693878	1
2.115766480989044	-3.979591836734693	1
2.115766480989044	-3.36734693877551	1
2.115766480989044	-2.7551020408163254	1
2.115766480989044	-2.1428571428571423	1
2.115766480989044	-1.5306122448979593	1
2.115766480989044	-0.9183673469387745	0
2.115766480989044	-0.3061224489795915	0
2.115766480989044	0.3061224489795915	0
2.115766480989044	0.9183673469387763	0
2.115766480989044	1.5306122448979593	1
2.115766480989044	2.1428571428571423	1
2.115766480989044	2.7551020408163254	1
2.115766480989044	3.367346938775512	1
2.115766480989044	3.979591836734695	1
2.115766480989044	4.591836734693878	1
2.115766480989044	5.204081632653061	1
2.115766480989044	5.816326530612244	1
2.115766480989044	6.428571428571431	1
2.115766480989044	7.040816326530614	1
2.115766480989044	7.653061224489797	1
2.115766480989044	8.26530612244898	1
2.115766480989044	8.877551020408163	1
2.115766480989044	9.48979591836735	1
2.115766480989044	10.102040816326532	1
2.115766480989044	10.714285714285715	1
2.115766480989044	11.326530612244898	1
2.115766480989044	11.938775510204081	1
2.115766480989044	12.551020408163264	1
2.115766480989044	13.163265306122451	1
2.115766480989044	13.775510204081634	1
2.115766480989044	14.387755102040817	1
2.115766480989044	15.0	1
2.243994752564138	-15.0	1
2.243994752564138	-14.387755102040817	1
2.243994752564138	-13.775510204081632	1
2.243994752564138	-13.16326530612245	1
2.243994752564138	-12.551020408163264	1
2.243994752564138	-11.938775510204081	1
2.243994752564138	-11.326530612244898	1
2.243994752564138	-10.714285714285715	1
2.243994752564138	-10.10204081632653	1
2.243994752564138	-9.489795918367346	1
2.243994752564138	-8.877551020408163	1
2.243994752564138	-8.26530612244898	1
2.243994752564138	-7.653061224489796	1
2.243994752564138	-7.040816326530612	1
2.243994752564138	-6.428571428571429	1
2.243994752564138	-5.816326530612244	1
2.243994752564138	-5.204081632653061	1
2.243994752564138	-4.591836734693878	1
2.243994752564138	-3.979591836734693	1
2.243994752564138	-3.36734693877551	1
2.243994752564138	-2.7551020408163254	1
2.243994752564138	-2.1428571428571423	1
2.243994752564138	-1.5306122448979593	1
2.243994752564138	-0.9183673469387745	1
2.243994752564138	-0.3061224489795915	0
2.243994752564138	0.3061224489795915	0
2.243994752564138	0.9183673469387763	1
2.243994752564138	1.5306122448979593	1
2.243994752564138	2.1428571428571423	1
2.243994752564138	2.7551020408163254	1
2.243994752564138	3.367346938775512	1
2.243994752564138	3.979591836734695	1
2.243994752564138	4.591836734693878	1
2.243994752564138	5.204081632653061	1
2.243994752564138	5.816326530612244	1
2.243994752564138	6.428571428571431	1
2.243994752564138	7.040816326530614	1
2.243994752564138	7.653061224489797	1
2.243994752564138	8.26530612244898	1
2.243994752564138	8.877551020408163	1
2.243994752564138	9.48979591836735	1
2.243994752564138	10.102040816326532	1
2.243994752564138	10.714285714285715	1
2.243994752564138	11.326530612244898	1
2.243994752564138	11.938775510204081	1
2.243994752564138	12.551020408163264	1
2.243994752564138	13.163265306122451	1
2.243994752564138	13.775510204081634	1
2.243994752564138	14.387755102040817	1
2.243994752564138	15.0	1
2.372223024139231	-15.0	1
2.372223024139231	-14.387755102040817	1
2.372223024139231	-13.775510204081632	1
2.372223024139231	-13.16326530612245	1
2.372223024139231	-12.551020408163264	1
2.372223024139231	-11.938775510204081	1
2.372223024139231	-11.326530612244898	1
2.372223024139231	-10.714285714285715	1
2.372223024139231	-10.10204081632653	1
2.372223024139231	-9.489795918367346	1
2.372223024139231	-8.877551020408163	1
2.372223024139231	-8.26530612244898	1
2.372223024139231	-7.653061224489796	1
2.372223024139231	-7.040816326530612	1
2.372223024139231	-6.428571428571429	1
2.372223024139231	-5.816326530612244	1
2.372223024139231	-5.204081632653061	1
2.372223024139231	-4.591836734693878	1
2.372223024139231	-3.979591836734693	1
2.372223024139231	-3.36734693877551	1
2.372223024139231	-2.7551020408163254	1
2.372223024139231	-2.1428571428571423	1
2.372223024139231	-1.5306122448979593	1
2.372223024139231	-0.9183673469387745	1
2.372223024139231	-0.3061224489795915	0
2.372223024139231	0.3061224489795915	0
2.372223024139231	0.9183673469387763	1
2.372223024139231	1.5306122448979593	1
2.372223024139231	2.1428571428571423	1
2.372223024139231	2.7551020408163254	1
2.372223024139231	3.367346938775512	1
2.372223024139231	3.979591836734695	1
2.372223024139231	4.591836734693878	1
2.372223024139231	5.204081632653061	1
2.372223024139231	5.816326530612244	1
2.372223024139231	6.428571428571431	1
2.372223024139231	7.040816326530614	1
2.372223024139231	7.653061224489797	1
2.372223024139231	8.26530612244898	1
2.372223024139231	8.877551020408163	1
2.372223024139231	9.48979591836735	1
2.372223024139231	10.102040816326532	1
2.372223024139231	10.714285714285715	1
2.372223024139231	11.326530612244898	1
2.372223024139231	11.938775510204081	1
2.372223024139231	12.551020408163264	1
2.372223024139231	13.163265306122451	1
2.372223024139231	13.775510204081634	1
2.372223024139231	14.387755102040817	1
2.372223024139231	15.0	1
2.500451295714325	-15.0	1
2.500451295714325	-14.387755102040817	1
2.500451295714325	-13.775510204081632	1
2.500451295714325	-13.16326530612245	1
2.500451295714325	-12.551020408163264	1
2.500451295714325	-11.938775510204081	1
2.500451295714325	-11.326530612244898	1
2.500451295714325	-10.714285714285715	1
2.500451295714325	-10.10204081632653	1
2.500451295714325	-9.489795918367346	1
2.500451295714325	-8.877551020408163	1
2.500451295714325	-8.26530612244898	1
2.500451295714325	-7.653061224489796	1
2.500451295714325	-7.040816326530612	1
2.500451295714325	-6.428571428571429	1
2.500451295714325	-5.816326530612244	1
2.500451295714325	-5.204081632653061	1
2.500451295714325	-4.591836734693878	1
2.500451295714325	-3.979591836734693	1
2.500451295714325	-3.36734693877551	1
2.500451295714325	-2.7551020408163254	1
2.500451295714325	-2.1428571428571423	1
2.500451295714325	-1.5306122448979593	1
2.500451295714325	-0.9183673469387745	1
2.500451295714325	-0.3061224489795915	0
2.500451295714325	0.3061224489795915	0
2.500451295714325	0.9183673469387763	1
2.500451295714325	1.5306122448979593	1
2.500451295714325	2.1428571428571423	1
2.500451295714325	2.7551020408163254	1
2.500451295714325	3.367346938775512	1
2.500451295714325	3.979591836734695	1
2.500451295714325	4.591836734693878	1
2.500451295714325	5.204081632653061	1
2.500451295714325	5.816326530612244	1
2.500451295714325	6.428571428571431	1
2.500451295714325	7.040816326530614	1
2.500451295714325	7.653061224489797	1
2.500451295714325	8.26530612244898	1
2.500451295714325	8.877551020408163	1
2.500451295714325	9.48979591836735	1
2.500451295714325	10.102040816326532	1
2.500451295714325	10.714285714285715	1
2.500451295714325	11.326530612244898	1
2.500451295714325	11.938775510204081	1
2.500451295714325	12.551020408163264	1
2.500451295714325	13.163265306122451	1
2.500451295714325	13.775510204081634	1
2.500451295714325	14.387755102040817	1
2.500451295714325	15.0	1
2.628679567289418	-15.0	1
2.628679567289418	-14.387755102040817	1
2.628679567289418	-13.775510204081632	1
2.628679567289418	-13.16326530612245	1
2.628679567289418	-12.551020408163264	1
2.628679567289418	-11.938775510204081	1
2.628679567289418	-11.326530612244898	1
2.628679567289418	-10.714285714285715	1
2.628679567289418	-10.10204081632653	1
2.628679567289418	-9.489795918367346	1
2.628679567289418	-8.877551020408163	1
2.628679567289418	-8.26530612244898	1
2.628679567289418	-7.653061224489796	1
2.628679567289418	-7.040816326530612	1
2.628679567289418	-6.428571428571429	1
2.628679567289418	-5.816326530612244	1
2.628679567289418	-5.204081632653061	1
2.628679567289418	-4.591836734693878	1
2.628679567289418	-3.979591836734693	1
2.628679567289418	-3.36734693877551	1
2.628679567289418	-2.7551020408163254	1
2.628679567289418	-2.1428571428571423	1
2.628679567289418	-1.5306122448979593	1
2.628679567289418	-0.9183673469387745	1
2.628679567289418	-0.3061224489795915	0
2.628679567289418	0.3061224489795915	0
2.628679567289418	0.9183673469387763	1
2.628679567289418	1.5306122448979593	1
2.628679567289418	2.1428571428571423	1
2.628679567289418	2.7551020408163254	1
2.628679567289418	3.367346938775512	1
2.628679567289418	3.979591836734695	1
2.628679567289418	4.591836734693878	1
2.628679567289418	5.204081632653061	1
2.628679567289418	5.816326530612244	1
2.628679567289418	6.428571428571431	1
2.628679567289418	7.040816326530614	1
2.628679567289418	7.653061224489797	1
2.628679567289418	8.26530612244898	1
2.628679567289418	8.877551020408163	1
2.628679567289418	9.48979591836735	1
2.628679567289418	10.102040816326532	1
2.628679567289418	10.714285714285715	1
2.628679567289418	11.326530612244898	1
2.628679567289418	11.938775510204081	1
2.628679567289418	12.551020408163264	1
2.628679567289418	13.163265306122451	1
2.628679567289418	13.775510204081634	1
2.628679567289418	14.387755102040817	1
2.628679567289418	15.0	1
2.756907838864512	-15.0	1
2.756907838864512	-14.387755102040817	1
2.756907838864512	-13.775510204081632	1
2.756907838864512	-13.16326530612245	1
2.756907838864512	-12.551020408163264	1
2.756907838864512	-11.938775510204081	1
2.756907838864512	-11.326530612244898	1
2.756907838864512	-10.714285714285715	1
2.756907838864512	-10.10204081632653	1
2.756907838864512	-9.489795918367346	1
2.756907838864512	-8.877551020408163	1
2.756907838864512	-8.26530612244898	1
2.756907838864512	-7.653061224489796	1
2.756907838864512	-7.040816326530612	1
2.756907838864512	-6.428571428571429	1
2.756907838864512	-5.816326530612244	1
2.756907838864512	-5.204081632653061	1
2.756907838864512	-4.591836734693878	1
2.756907838864512	-3.979591836734693	1
2.756907838864512	-3.36734693877551	1
2.756907838864512	-2.7551020408163254	1
2.756907838864512	-2.1428571428571423	1
2.756907838864512	-1.5306122448979593	1
2.756907838864512	-0.9183673469387745	1
2.756907838864512	-0.3061224489795915	0
2.756907838864512	0.3061224489795915	0
2.756907838864512	0.9183673469387763	1
2.756907838864512	1.5306122448979593	1
2.756907838864512	2.1428571428571423	1
2.756907838864512	2.7551020408163254	1
2.756907838864512	3.367346938775512	1
2.756907838864512	3.979591836734695	1
2.756907838864512	4.591836734693878	1
2.756907838864512	5.204081632653061	1
2.756907838864512	5.816326530612244	1
2.756907838864512	6.428571428571431	1
2.756907838864512	7.040816326530614	1
2.756907838864512	7.653061224489797	1
2.756907838864512	8.26530612244898	1
2.756907838864512	8.877551020408163	1
2.756907838864512	9.48979591836735	1
2.756907838864512	10.102040816326532	1
2.756907838864512	10.714285714285715	1
2.756907838864512	11.326530612244898	1
2.756907838864512	11.938775510204081	1
2.756907838864512	12.551020408163264	1
2.756907838864512	13.163265306122451	1
2.756907838864512	13.775510204081634	1
2.756907838864512	14.387755102040817	1
2.756907838864512	15.0	1
2.885136110439605	-15.0	1
2.885136110439605	-14.387755102040817	1
2.885136110439605	-13.775510204081632	1
2.885136110439605	-13.16326530612245	1
2.885136110439605	-12.551020408163264	1
2.885136110439605	-11.938775510204081	1
2.885136110439605	-11.326530612244898	1
2.885136110439605	-10.714285714285715	1
2.885136110439605	-10.10204081632653	1
2.885136110439605	-9.489795918367346	1
2.885136110439605	-8.877551020408163	1
2.885136110439605	-8.26530612244898	1
2.885136110439605	-7.653061224489796	1
2.885136110439605	-7.040816326530612	1
2.885136110439605	-6.428571428571429	1
2.885136110439605	-5.816326530612244	1
2.885136110439605	-5.204081632653061	1
2.885136110439605	-4.591836734693878	1
2.885136110439605	-3.979591836734693	1
2.885136110439605	-3.36734693877551	1
2.885136110439605	-2.7551020408163254	1
2.885136110439605	-2.1428571428571423	1
2.885136110439605	-1.5306122448979593	1
2.885136110439605	-0.9183673469387745	1
2.885136110439605	-0.3061224489795915	1
2.885136110439605	0.3061224489795915	1
2.885136110439605	0.9183673469387763	1
2.885136110439605	1.5306122448979593	1
2.885136110439605	2.1428571428571423	1
2.885136110439605	2.7551020408163254	1
2.885136110439605	3.367346938775512	1
2.885136110439605	3.979591836734695	1
2.885136110439605	4.591836734693878	1
2.885136110439605	5.204081632653061	1
2.885136110439605	5.816326530612244	1
2.885136110439605	6.428571428571431	1
2.885136110439605	7.040816326530614	1
2.885136110439605	7.653061224489797	1
2.885136110439605	8.26530612244898	1
2.885136110439605	8.877551020408163	1
2.885136110439605	9.48979591836735	1
2.885136110439605	10.102040816326532	1
2.885136110439605	10.714285714285715	1
2.885136110439605	11.326530612244898	1
2.885136110439605	11.938775510204081	1
2.885136110439605	12.551020408163264	1
2.885136110439605	13.163265306122451	1
2.885136110439605	13.775510204081634	1
2.885136110439605	14.387755102040817	1
2.885136110439605	15.0	1
3.013364382014699	-15.0	1
3.013364382014699	-14.387755102040817	1
3.013364382014699	-13.775510204081632	1
3.013364382014699	-13.16326530612245	1
3.013364382014699	-12.551020408163264	1
3.013364382014699	-11.938775510204081	1
3.013364382014699	-11.326530612244898	1
3.013364382014699	-10.714285714285715	1
3.013364382014699	-10.10204081632653	1
3.013364382014699	-9.489795918367346	1
3.013364382014699	-8.877551020408163	1
3.013364382014699	-8.26530612244898	1
3.013364382014699	-7.653061224489796	1
3.013364382014699	-7.040816326530612	1
3.013364382014699	-6.428571428571429	1
3.013364382014699	-5.816326530612244	1
3.013364382014699	-5.204081632653061	1
3.013364382014699	-4.591836734693878	1
3.013364382014699	-3.979591836734693	1
3.013364382014699	-3.36734693877551	1
3.013364382014699	-2.7551020408163254	1
3.013364382014699	-2.1428571428571423	1
3.013364382014699	-1.5306122448979593	1
3.013364382014699	-0.9183673469387745	1
3.013364382014699	-0.3061224489795915	0
3.013364382014699	0.3061224489795915	1
3.013364382014699	0.9183673469387763	1
3.013364382014699	1.5306122448979593	1
3.013364382014699	2.1428571428571423	1
3.013364382014699	2.7551020408163254	1
3.013364382014699	3.367346938775512	1
3.013364382014699	3.979591836734695	1
3.013364382014699	4.591836734693878	1
3.013364382014699	5.204081632653061	1
3.013364382014699	5.816326530612244	1
3.013364382014699	6.428571428571431	1
3.013364382014699	7.040816326530614	1
3.013364382014699	7.653061224489797	1
3.013364382014699	8.26530612244898	1
3.013364382014699	8.877551020408163	1
3.013364382014699	9.48979591836735	1
3.013364382014699	10.102040816326532	1
3.013364382014699	10.714285714285715	1
3.013364382014699	11.326530612244898	1
3.013364382014699	11.938775510204081	1
3.013364382014699	12.551020408163264	1
3.013364382014699	13.163265306122451	1
3.013364382014699	13.775510204081634	1
3.013364382014699	14.387755102040817	1
3.013364382014699	15.0	1
3.141592653589793	-15.0	0
3.141592653589793	-14.387755102040817	0
3.141592653589793	-13.775510204081632	0
3.141592653589793	-13.16326530612245	0
3.141592653589793	-12.551020408163264	0
3.141592653589793	-11.938775510204081	0
3.141592653589793	-11.326530612244898	0
3.141592653589793	-10.714285714285715	0
3.141592653589793	-10.10204081632653	0
3.141592653589793	-9.489795918367346	0
3.141592653589793	-8.877551020408163	0
3.141592653589793	-8.26530612244898	0
3.141592653589793	-7.653061224489796	0
3.141592653589793	-7.040816326530612	0
3.141592653589793	-6.428571428571429	0
3.141592653589793	-5.816326530612244	0
3.141592653589793	-5.204081632653061	0
3.141592653589793	-4.591836734693878	0
3.141592653589793	-3.979591836734693	0
3.141592653589793	-3.36734693877551	0
3.141592653589793	-2.7551020408163254	0
3.141592653589793	-2.1428571428571423	0
3.141592653589793	-1.5306122448979593	0
3.141592653589793	-0.9183673469387745	0
3.141592653589793	-0.3061224489795915	0
3.141592653589793	0.3061224489795915	1
3.141592653589793	0.9183673469387763	1
3.141592653589793	1.5306122448979593	1
3.141592653589793	2.1428571428571423	1
3.141592653589793	2.7551020408163254	1
3.141592653589793	3.367346938775512	1
3.141592653589793	3.979591836734695	1
3.141592653589793	4.591836734693878	1
3.141592653589793	5.204081632653061	1
3.141592653589793	5.816326530612244	1
3.141592653589793	6.428571428571431	1
3.141592653589793	7.040816326530614	1
3.141592653589793	7.653061224489797	1
3.141592653589793	8.26530612244898	1
3.141592653589793	8.877551020408163	1
3.141592653589793	9.48979591836735	1
3.141592653589793	10.102040816326532	1
3.141592653589793	10.714285714285715	1
3.141592653589793	11.326530612244898	1
3.141592653589793	11.938775510204081	1
3.141592653589793	12.551020408163264	1
3.141592653589793	13.163265306122451	1
3.141592653589793	13.775510204081634	1
3.141592653589793	14.387755102040817	1
3.141592653589793	15.0	1
