-2.4348114027064707	1.9561780784926377	1
1.8177707703321913	-6.532169838303398	1
-1.980156740546363	13.968726290199271	1
-1.6856842487921482	-1.2264934734013568	0
0.8951249768798677	12.297753954325216	1
2.1868587791671494	-8.332577050058404	1
0.5434058504011774	-0.5040994930772413	0
-1.0125133875539563	3.5761382958168824	1
-2.3070760172205587	-8.33522848205191	1
0.5822798606585615	-6.546316700118412	1
-0.04329846046223507	2.980305668493582	1
-2.77354825024214	-12.277561079891521	1
1.7141109993421635	8.488347086163984	1
-1.4429362464429651	-14.894224801793406	1
-0.6095721534119511	10.564398636869363	1
2.26535953931735	5.358952268847876	1
2.637281229731914	-4.626200081721471	1
0.3034472988004886	8.22488177379758	1
1.427617100283114	5.596322399032189	1
2.9694916604384485	2.5158372830921785	1
2.8391615309103786	11.7328830996378	1
0.38683987017693733	-3.344923442990316	1
1.7709157485022704	13.925347800605355	1
0.19886944561177256	-0.5081057962566966	0
-2.5917217356171482	-0.40622207103257857	0
1.470498125368981	-10.046902587739272	1
0.7078017552076039	4.85028105713479	1
-2.435131078780469	-3.3357245957136463	1
1.9206395503599207	7.906015192714584	1
1.024177233610601	7.817982050275418	1
-3.1283460568241805	-6.067179155000602	1
-0.210876139963581	13.341645462229625	1
-2.0026669015783654	-14.089858111117044	1
-1.108431614920275	2.48335484130315	1
2.1143601227475584	-6.328990487574636	1
1.4750970977144124	-12.868321658650776	1
1.6297400799150301	9.173592197571423	1
-2.9841428144629263	1.7728724948827406	1
2.3146333178139216	-9.500849152154917	1
1.6338779070661227	-8.199800311753517	1
-1.3353513706571098	9.818748409606659	1
3.0882194824264415	-0.02808175560294046	0
0.6092429380134616	-2.44940774710399	1
-0.050665190850216035	11.461948147708814	1
-0.0004070537341460678	-4.550080218130038	1
0.4209025141238114	-2.6678609538744062	1
-2.8773301340136594	-14.430356660089469	1
1.646356621561222	6.007418753546027	1
2.31813113400855	7.824573667765602	1
-1.3364832202587016	9.164395976752267	1
0.596178968871671	-5.580467182205446	1
2.305273177670511	5.625247291392036	1
1.2027830831627329	-0.4839864684287427	0
2.8452688452906933	4.650702286294873	1
-3.009129377729756	10.38343783583883	1
0.3035080059795461	-6.643933207464189	1
-3.0998285140198987	4.662626069614959	1
2.97720062111369	3.6401159148417683	1
-1.4023789491110568	3.6894069820931747	1
-0.7881705905267729	14.28245964619192	1
1.7332438669915842	-10.257281098261045	1
-1.4362185617223724	-12.291331188612663	1
0.8842981379361534	4.972113253978129	1
2.5426757950092345	13.350133332530486	1
0.930363543847406	-14.655644459066457	1
-0.27982733745762856	-12.72055725766546	1
2.381159416397156	7.108574203201734	1
-2.204985306608104	9.753613081816606	1
1.8764527787302017	6.856483666602575	1
2.9216114612160524	-14.494213706866002	1
0.4646142369307138	10.157085880145438	1
0.6318526041348447	13.534627790989227	1
0.2541883766366668	6.999049268285685	1
2.126647675225743	9.0389471827609	1
-2.431814152779709	1.7261584033793191	1
2.1563636938004596	-5.574942589032826	1
-0.7082516007391177	0.6614327984763513	0
2.4341546041134094	-11.871728499456736	1
-0.4156517474535386	0.5656170856883485	0
2.5353301704556417	-0.2417633837670703	0
1.4988398965698462	-13.511410711415301	1
-2.8652385177694013	4.377587245942053	1
2.715456201387214	-12.178596489734353	1
-1.468560100522617	7.2324272905556235	1
-0.09614143956709365	-1.1880371668833725	0
0.7412704491045536	-5.4627508162254035	1
0.48340798339683566	14.134898981493365	1
3.0057467226051697	-7.797084629322807	1
-0.3290432918926731	-0.28469826435924617	0
-2.8987311951039296	10.714177634329403	1
1.2746370032550596	8.823558137050238	1
-0.5954050547220415	-6.242965910431668	1
1.084551947386175	-2.8017870235058204	1
-0.5683695969852622	7.849181040423151	1
0.6856669839719594	9.31429198193856	1
-2.9779077057031667	9.671218885890816	1
2.331888398800464	7.823774797613183	1
-0.904167166972083	14.259532765716607	1
1.1874983096884657	-0.6606766624578739	0
-1.5231525365690168	-2.7654044562950517	1
0.7513109836968574	12.813994983196512	1
-2.750139681772726	0.8629948364381033	1
-2.2657163407448557	2.109401678009071	1
-0.4703976942918202	-13.880885104710451	1
0.37360376095791237	-11.088132129926404	1
-1.536177362487319	-0.02765054491549357	0
0.35266403276489866	-5.250966111285717	1
2.826738804834381	2.1341587993152196	1
-2.288935329925131	14.494201552901785	1
-0.44207097926632155	-1.2992292765179574	0
2.8761166787275148	-7.3812506744148525	1
2.7583562682453415	-7.584021408598492	1
0.7275575197916897	-13.740619062176364	1
-2.1607227680267735	3.0658218110906894	1
1.8736452217509392	12.755653905444685	1
-2.298788820240828	1.751963448792175	1
-2.321320435938781	5.424418399229378	1
-3.09038229072719	-1.5473861178833452	1
0.6490797543722135	-8.640338444475896	1
2.236528477679454	5.727980652894679	1
0.7676299477441964	13.331825070584667	1
2.429535132954814	-10.594832860281606	1
-2.2174558330161847	-4.587841779539714	1
0.8519354392115623	-7.860331091671796	1
-2.8329736827083374	-3.5381904793067314	1
1.0937012567887727	4.726629918483894	1
-1.649548762686624	9.622422845778363	1
1.7100564095142383	-7.204412110671168	1
2.343907630185953	-0.5465390448572673	0
1.5406888948144326	14.499668032507696	1
-3.098740728181511	3.8142460734492474	1
1.5117715840322248	11.731537543767725	1
-1.1830369970462287	0.20304474906101788	0
0.9129490714627009	-2.3827191339573766	1
-1.1997849699248038	-12.113202397657568	1
2.997450773217289	9.251553168745044	1
2.068936606628875	1.1006883897255797	1
-1.348033413276814	-13.358667513972767	1
-1.9062173456899068	-3.3140454935426344	1
-0.7274489794004624	13.6370094669313	1
-1.1735310284635736	6.76810265187526	1
-2.932460500200321	6.644857989365544	1
-0.016310661719138864	10.182473444612352	1
2.374613739010729	-10.393672420186796	1
3.033695927698407	-11.415051678874871	1
-2.7280585124213124	8.831824993781023	1
3.1379088523605327	1.6996737649554632	1
-1.4410803651980493	3.6108084088855072	1
-2.749186767013501	-5.1463659479469115	1
-1.5398244488918185	8.326146332196593	1
2.630100335534123	2.6615499424362845	1
-1.329104493386254	-2.090463847646779	1
1.3065042612741085	8.708107940442215	1
2.7068787889674573	3.420749537461809	1
2.809235254305821	11.800596494659136	1
1.5551799831494737	12.629205574338613	1
2.8157463370520377	13.810673209278566	1
-1.1968861759749745	-10.201553385531437	1
1.3622237825179289	7.495231633264918	1
0.10004827788017057	14.676615012480422	1
-0.3306047166170405	6.624834628209932	1
-2.5175738402689523	-12.125827186441663	1
-2.236397761929071	10.886150049139818	1
-0.6625235480411225	12.490522010515164	1
2.4708770219991676	-12.8086723928347	1
-2.453837391194715	-9.745680536889507	1
-2.439598842243967	-14.75105673170676	1
2.448810880828127	-6.144406906347806	1
-1.16134127231362	1.3545967287466958	0
0.4793972621236673	-11.093750831556166	1
2.534482185256807	0.22932247498977	0
-3.0483108688215528	-10.025556201607776	1
-1.0518074330041642	6.365326948748653	1
1.3301142815050406	3.541928514369996	1
-0.8238729780315204	1.7587926479295817	0
0.8589309974390522	-6.324135600831326	1
0.5683415571776078	10.138042051130473	1
-1.6395385782911844	1.5657650567866774	1
-1.7572720245988915	7.726703207885777	1
-0.12672713033651917	-4.45068128833538	1
0.37737761035507145	0.2545586444469272	0
0.8465603672567652	-12.388616820610423	1
0.13681215135052538	4.914439199875574	1
2.078176627224356	-7.521887662738641	1
0.5790109327580879	0.4193918777752206	0
0.6264724699950812	-11.877827227359322	1
-1.48285743966098	3.138472074343394	1
1.3438487970812831	11.640042193896672	1
1.5711358194841258	-8.458844977895254	1
2.5162936468054298	3.0992360169760147	1
-2.6951750869700186	-6.529182636725604	1
-2.580670735509595	-4.943554966856505	1
1.1315696482699966	2.4594328276285076	1
1.0096590172351751	-8.767744096455065	1
3.069914569477274	-1.7683323128424924	1
2.3149208870487765	14.72515018711442	1
-0.15536962652437136	-4.863716053847826	1
1.9097728784647447	14.040296858094706	1
-1.3985895790743665	9.749292782431027	1
-2.3887236561527345	-3.639058505810409	1
-2.1516551160589215	6.817201079896218	1
2.3856773675280634	9.902099668635874	1
2.667963364281939	-14.822342268833722	1
-2.3343743038606712	12.79973607870857	1
-2.0584721798241428	-13.542478190145491	1
-0.2177073336719828	7.352909471997208	1
-2.418638740389037	9.370435341606179	1
0.9728944085495952	6.911244007852744	1
1.1806209592119714	3.4702904178177043	1
0.6029315713820815	-1.2318286303640882	0
2.7687430809668783	0.6872287820292797	1
-2.4577545529857443	2.243776346317812	1
-0.2004719348190127	5.543208302595861	1
-1.2086411728281237	2.1609764740559037	1
1.6894480869306525	-12.485918188681229	1
0.9882184081885397	-9.508870488364153	1
-0.7497532315823281	-0.3720584983552655	0
1.9125991879353679	9.835177800189285	1
1.9926800846695594	-1.7319637326772614	1
-3.1004578724333722	6.518386418819674	1
-3.0982117666213482	9.514899555372008	1
-2.2761792130899705	-10.30054811101611	1
3.1247786874329897	-8.389314758645838	1
1.0275296464414803	-2.509580055664575	1
2.272181267308814	12.35935375472225	1
-0.19823996091455287	-9.26991656760904	1
-1.3082559139181458	-11.355194465369177	1
-2.1446302682449936	0.6945743951415935	0
-2.9047915968698086	13.250457357991596	1
-1.7893180881236022	7.212902013231044	1
-0.918499049530983	-8.832475380104668	1
0.38368275773329596	8.403986261298876	1
3.0113980371799274	-9.725667045989738	1
2.082556363316394	5.525521566296945	1
-0.80375626921	8.561947608599063	1
-0.4598773403589216	5.463031291182514	1
-0.3835465474246842	12.553952986984935	1
-0.5532846519050141	-7.303801131908713	1
-1.2452294841074913	3.9644672605494904	1
-0.3705028521050866	12.962344909147042	1
0.906952667061546	0.6904897866022068	0
-1.46715427954419	-5.995978785299226	1
-2.74019233010185	-6.841002804476071	1
-0.6881017529405806	8.208471083252086	1
1.373241594630655	-10.967972110566741	1
-1.870900507486286	4.654691364889256	1
-2.4034818621779817	-10.97518664863626	1
-1.6068390100095844	-10.347996514374104	1
2.0089059660107242	-2.1719301713964807	1
-1.8571725540087352	-2.1509432682977945	1
-1.7684358380420035	-1.9580852314232473	1
0.8642203657966707	3.881507016537686	1
1.9197955885854823	3.0291360159440934	1
0.9712870798288264	-1.3378589406563641	0
-0.007419269875099221	-7.268771680447964	1
3.0772588032369947	12.698663412336401	1
2.41387320726132	-8.981333216224053	1
0.631495002643844	-14.97875130192465	1
1.9168258341946265	-12.042110937692613	1
-2.6327249050180144	6.599568221344406	1
-1.4122737151837024	6.4697712633769555	1
-1.1985548171344744	-6.908963772608079	1
2.8129916356626747	3.8926625934275876	1
-0.2047278805292696	2.8335285667134436	1
-2.111872080081268	3.570054649432855	1
1.555852332335145	10.431689527431455	1
-0.32689582795792216	-5.595632694206863	1
0.9172426117287431	9.973187065224678	1
-2.608781595073025	-4.271427402766594	1
-2.809843967948832	-7.662973581520048	1
-3.0030810657277844	-2.4061619872658824	1
2.732719522406726	-13.925945650262914	1
0.1163730667414482	1.652743613189859	0
2.2353721231716728	-11.16250146212849	1
2.300443472977337	-10.125649376991843	1
-2.531365158497705	-6.014240344033945	1
0.5381676632802104	6.366554506705764	1
-0.25586651278628203	14.175926660884702	1
-0.0022038096822232234	-14.074032078120439	1
1.870889714259639	3.281128539802534	1
-3.086961791883302	1.307716395404647	1
-2.0711738991654176	-0.029454084486618015	0
2.9224733314677085	-7.593478442658528	1
2.4539734933249644	7.6623457115204126	1
2.5890043103444302	-3.9544045155669814	1
2.6972417720838457	4.837212962897205	1
1.0971440252273696	13.346908466619276	1
2.397310029500172	-0.813452689135465	1
-0.9378155113314786	-13.103311709005983	1
-0.8006776558090003	-8.115897308711313	1
0.29529855793232684	-5.046060096466601	1
-2.0477773479506265	4.00805123721095	1
-0.34241106978607494	-2.65336499734914	1
1.1244490615271232	10.30961228241799	1
0.5822557702791498	4.654437652664562	1
1.607435346986584	-2.9335764735238268	1
1.2681855282257706	-6.681480676998369	1
-1.977704142012968	6.79272191199113	1
1.6606245872377485	13.068309621547165	1
3.027518434225202	13.57798268808526	1
1.1207149360297315	9.078782729563429	1
0.3789911678326874	11.211186438740022	1
-1.393751338644551	-10.58116821815791	1
-2.6097040330667873	-3.1217175544167244	1
0.3575518913254383	2.882635110466836	1
-2.8901694964543414	-4.856665950915005	1
1.717117436025231	-8.722058452256203	1
-0.5044643477346131	8.672881949342475	1
2.030446373899652	-6.6846233825426165	1
0.005073079032217542	-1.9652136370280981	0
-1.0898207030020495	-1.945807032374283	1
-1.1241115882022972	11.616309559931999	1
1.514851755123857	-14.875501752119783	1
-0.2986839279056759	-12.631121557283633	1
-1.897760768957397	-10.074252744232053	1
-0.37682008282410795	14.622191032968026	1
2.162821668028843	-7.944375081345757	1
-1.7848614677188925	-4.8091308263901045	1
-1.2883850623308795	4.338649619375072	1
1.2589800460188316	-11.973885762601633	1
-0.7608194538302255	-3.224408124840794	1
-2.419143373264346	10.934086117223359	1
-1.857948905580643	-4.48626819995474	1
2.7580292492313525	0.6042960490539588	1
2.8172846190396132	9.589757883933167	1
0.22625974114479241	2.181553031584599	1
-2.986171825053924	11.21607281881419	1
-0.41848072187194507	-6.937710426396826	1
-0.33024428534920025	-12.834843412523217	1
1.7135586104672278	8.931780848466683	1
-2.407542905069958	4.368894205923837	1
1.2820578989884286	-8.052068630410453	1
-2.15840024626157	-1.3882613860930846	1
-1.384494481952412	5.137645472093137	1
-2.4518303804835635	-4.483001812046435	1
0.934043065261867	7.10574408588894	1
-2.538561605714386	13.353671190370065	1
-0.25358804371356536	-14.13100832907338	1
-2.056573832612818	-9.242471034677411	1
-0.8211878241004396	11.598585607661352	1
2.3033362426092294	4.654061676608986	1
-1.5583998231686604	-1.2846638672412016	0
-1.488231598263783	8.817576817657034	1
-1.1969372857614595	1.9028752126960953	1
2.988736363948945	-4.91141352252097	1
-0.04931448931915883	9.678274168192907	1
-0.704321052821256	7.062455126821362	1
2.1690412681644142	11.39687020247635	1
1.3916140464892583	0.44674991166344036	0
3.0234908311666135	0.5941371019739119	1
1.5675638314241622	-9.690307261465756	1
-0.3899130875128032	-1.0072522052441286	0
2.9670132686617343	-9.562471486342867	1
-0.3931190119342993	-8.898415741874645	1
-2.174339219680779	-11.448367478961131	1
-1.9380247891914015	-13.688276628673355	1
-1.318538626067039	-5.011609000705672	1
1.7358358789427246	11.313123949214898	1
-1.919540564166058	-3.1574593220724623	1
0.3395021252135626	13.086656522920507	1
0.20807267143603436	-13.645758946474515	1
1.8986736483206057	6.807629220544879	1
2.5822749796024658	7.833483956815083	1
2.713610597259721	4.402132174699361	1
0.7756678480970818	-4.260353263569051	1
2.9048132516626737	7.750673715391407	1
-1.4400307535240762	14.105792665924515	1
-2.4437564676536168	-7.679794877824059	1
0.46137451723164125	-1.4595575610671716	0
2.5942585464410666	-14.75236769356204	1
0.9513125481781461	-2.7577654162093665	1
-0.8246431186479661	-14.9095813894982	1
2.2418894826149707	-9.756997992012636	1
-1.4859957147296028	0.9239272506597498	0
-2.0394142469639744	-14.874054982815355	1
0.45181870014286707	-7.590487903916985	1
2.238462340706464	-2.1224611623844556	1
-1.0700573227967052	11.475988645443266	1
-2.5446699259432695	-1.8931904317117283	1
0.37161948734755335	-14.882563541662241	1
-0.2241293476319699	13.598506113650558	1
1.590135491559268	-2.5672313936253808	1
3.023327401705698	-3.065355842981063	1
-1.422052359351856	8.579455445809586	1
-0.5460038550568145	7.4112127614310594	1
1.6005400417249858	13.284964186959314	1
0.6262180152220473	-12.262420568568459	1
2.576948318123171	-10.287739370260958	1
1.5087786344748606	7.022169998578434	1
2.0284123007818327	7.471001733242133	1
2.940947366159066	-4.613913692429344	1
2.7741655952805386	-12.734109417960532	1
-2.407698245790598	3.2031372289188234	1
1.8815610397688225	-0.28202187448627747	0
-1.8177251417600762	14.646523534921812	1
-1.561190885811021	5.809201519127704	1
1.4878584084985373	11.605585901115582	1
2.352454108037173	-10.796503537315953	1
-0.06384501213481775	8.302495940110923	1
-2.8683649351925213	-8.706793454852708	1
